zipfian_const, NR_DPUS, NR_TASKLETS, batch_num, num_keys, max_query_num, preprocess_time1, preprocess_time2, migration_plan_time, migration_time, send_time, execution_time, receive_result_time, merge_time, batch_time, throughput
0.00, 2500, 24, 1, 100000, 0, 0.00000, 0.31881, 0.00045, 0.00044, 0.00194, 0.00307, 0.00746, 0.00000, 0.33217, 301050
0.00, 2500, 24, 2, 100000, 0, 0.00000, 0.01310, 0.00044, 0.02054, 0.00240, 0.00299, 0.00739, 0.00000, 0.04686, 2134213
0.00, 2500, 24, 3, 100000, 0, 0.00000, 0.01260, 0.00047, 0.01815, 0.00264, 0.00314, 0.00754, 0.00000, 0.04455, 2244602
0.00, 2500, 24, 4, 100000, 0, 0.00000, 0.01337, 0.00080, 0.01932, 0.00212, 0.00522, 0.00793, 0.00000, 0.04877, 2050642
0.00, 2500, 24, 5, 100000, 0, 0.00000, 0.01528, 0.00067, 0.03081, 0.00239, 0.00313, 0.00778, 0.00000, 0.06006, 1664869
0.00, 2500, 24, 6, 100000, 0, 0.00000, 0.01497, 0.00074, 0.05149, 0.00238, 0.00320, 0.00788, 0.00000, 0.08066, 1239776
0.00, 2500, 24, 7, 100000, 0, 0.00000, 0.01487, 0.00063, 0.04997, 0.00243, 0.00311, 0.00756, 0.00000, 0.07857, 1272747
0.00, 2500, 24, 8, 100000, 0, 0.00000, 0.01495, 0.00064, 0.05156, 0.00258, 0.00317, 0.00858, 0.00000, 0.08148, 1227232
0.00, 2500, 24, 9, 100000, 0, 0.00000, 0.01577, 0.00075, 0.05205, 0.00279, 0.00311, 0.00768, 0.00000, 0.08214, 1217433
0.00, 2500, 24, 10, 100000, 0, 0.00000, 0.01596, 0.00076, 0.05174, 0.00285, 0.00340, 0.00793, 0.00000, 0.08265, 1209947
0.00, 2500, 24, 11, 100000, 0, 0.00000, 0.01626, 0.00077, 0.05294, 0.00255, 0.00313, 0.00764, 0.00000, 0.08330, 1200503
0.00, 2500, 24, 12, 100000, 0, 0.00000, 0.01632, 0.00072, 0.05123, 0.00237, 0.00308, 0.00782, 0.00000, 0.08155, 1226286
0.00, 2500, 24, 13, 100000, 0, 0.00000, 0.01631, 0.00088, 0.05210, 0.00255, 0.00326, 0.00756, 0.00000, 0.08267, 1209638
0.00, 2500, 24, 14, 100000, 0, 0.00000, 0.01552, 0.00067, 0.05313, 0.00245, 0.00307, 0.00759, 0.00000, 0.08244, 1213028
0.00, 2500, 24, 15, 100000, 0, 0.00000, 0.01584, 0.00089, 0.05188, 0.00253, 0.00334, 0.00753, 0.00000, 0.08200, 1219456
0.00, 2500, 24, 16, 100000, 0, 0.00000, 0.01604, 0.00073, 0.05193, 0.00263, 0.00324, 0.00778, 0.00000, 0.08235, 1214259
0.00, 2500, 24, 17, 100000, 0, 0.00000, 0.01549, 0.00088, 0.05180, 0.00265, 0.00316, 0.00769, 0.00000, 0.08167, 1224482
0.00, 2500, 24, 18, 100000, 0, 0.00000, 0.01579, 0.00067, 0.05003, 0.00283, 0.00315, 0.00761, 0.00000, 0.08009, 1248533
0.00, 2500, 24, 19, 100000, 0, 0.00000, 0.01583, 0.00077, 0.05301, 0.00280, 0.00319, 0.00795, 0.00000, 0.08355, 1196820
0.00, 2500, 24, 20, 100000, 0, 0.00000, 0.01572, 0.00073, 0.05190, 0.00299, 0.00319, 0.00793, 0.00000, 0.08246, 1212768
0.00, 2500, 24, 21, 100000, 0, 0.00000, 0.01603, 0.00078, 0.05161, 0.00241, 0.00306, 0.00754, 0.00000, 0.08143, 1228093
0.00, 2500, 24, 22, 100000, 0, 0.00000, 0.01593, 0.00069, 0.05159, 0.00264, 0.00306, 0.00767, 0.00000, 0.08159, 1225644
0.00, 2500, 24, 23, 100000, 0, 0.00000, 0.01554, 0.00059, 0.05000, 0.00241, 0.00306, 0.00735, 0.00000, 0.07895, 1266578
0.00, 2500, 24, 24, 100000, 0, 0.00000, 0.01559, 0.00046, 0.05010, 0.00267, 0.00325, 0.00771, 0.00000, 0.07977, 1253559
0.00, 2500, 24, 25, 100000, 0, 0.00000, 0.01628, 0.00065, 0.05147, 0.00247, 0.00328, 0.00758, 0.00000, 0.08173, 1223495
0.00, 2500, 24, 26, 100000, 0, 0.00000, 0.01332, 0.00058, 0.04905, 0.00270, 0.00344, 0.00782, 0.00000, 0.07691, 1300214
0.00, 2500, 24, 27, 100000, 0, 0.00000, 0.01836, 0.00079, 0.05897, 0.00254, 0.00311, 0.00773, 0.00000, 0.09151, 1092765
0.00, 2500, 24, 28, 100000, 0, 0.00000, 0.01641, 0.00073, 0.05376, 0.00286, 0.00320, 0.00835, 0.00000, 0.08530, 1172281
0.00, 2500, 24, 29, 100000, 0, 0.00000, 0.01717, 0.00088, 0.05316, 0.00277, 0.00309, 0.00784, 0.00000, 0.08490, 1177800
0.00, 2500, 24, 30, 100000, 0, 0.00000, 0.01536, 0.00077, 0.05371, 0.00264, 0.00308, 0.00779, 0.00000, 0.08337, 1199520
0.00, 2500, 24, 31, 100000, 0, 0.00000, 0.01465, 0.00074, 0.05146, 0.00230, 0.00318, 0.00748, 0.00000, 0.07981, 1252948
0.00, 2500, 24, 32, 100000, 0, 0.00000, 0.01859, 0.00044, 0.05313, 0.00222, 0.00310, 0.00687, 0.00000, 0.08435, 1185537
0.00, 2500, 24, 33, 100000, 0, 0.00000, 0.01923, 0.00089, 0.05423, 0.00223, 0.00310, 0.00698, 0.00000, 0.08667, 1153846
0.00, 2500, 24, 34, 100000, 0, 0.00000, 0.01330, 0.00043, 0.04866, 0.00232, 0.00319, 0.00776, 0.00000, 0.07567, 1321521
0.00, 2500, 24, 35, 100000, 0, 0.00000, 0.01753, 0.00055, 0.05117, 0.00256, 0.00320, 0.00656, 0.00000, 0.08158, 1225786
0.00, 2500, 24, 36, 100000, 0, 0.00000, 0.01559, 0.00078, 0.05352, 0.00249, 0.00329, 0.00759, 0.00000, 0.08325, 1201134
0.00, 2500, 24, 37, 100000, 0, 0.00000, 0.01862, 0.00070, 0.05325, 0.00216, 0.00306, 0.00669, 0.00000, 0.08448, 1183744
0.00, 2500, 24, 38, 100000, 0, 0.00000, 0.01520, 0.00075, 0.05295, 0.00285, 0.00335, 0.00800, 0.00000, 0.08311, 1203265
0.00, 2500, 24, 39, 100000, 0, 0.00000, 0.01622, 0.00075, 0.05412, 0.00233, 0.00316, 0.00741, 0.00000, 0.08399, 1190564
0.00, 2500, 24, 40, 100000, 0, 0.00000, 0.01729, 0.00064, 0.04723, 0.00205, 0.00310, 0.00624, 0.00000, 0.07654, 1306487
0.00, 2500, 24, 41, 100000, 0, 0.00000, 0.01644, 0.00049, 0.04894, 0.00256, 0.00327, 0.00785, 0.00000, 0.07954, 1257162
0.00, 2500, 24, 42, 100000, 0, 0.00000, 0.01933, 0.00079, 0.05260, 0.00240, 0.00312, 0.00709, 0.00000, 0.08534, 1171821
0.00, 2500, 24, 43, 100000, 0, 0.00000, 0.01601, 0.00074, 0.05279, 0.00280, 0.00326, 0.00785, 0.00000, 0.08345, 1198378
0.00, 2500, 24, 44, 100000, 0, 0.00000, 0.01689, 0.00074, 0.05507, 0.00284, 0.00315, 0.00800, 0.00000, 0.08669, 1153572
0.00, 2500, 24, 45, 100000, 0, 0.00000, 0.02013, 0.00075, 0.05305, 0.00285, 0.00313, 0.00783, 0.00000, 0.08774, 1139781
0.00, 2500, 24, 46, 100000, 0, 0.00000, 0.01988, 0.00076, 0.05314, 0.00231, 0.00315, 0.00784, 0.00000, 0.08707, 1148475
0.00, 2500, 24, 47, 100000, 0, 0.00000, 0.01997, 0.00079, 0.05214, 0.00233, 0.00370, 0.00811, 0.00000, 0.08704, 1148885
0.00, 2500, 24, 48, 100000, 0, 0.00000, 0.02071, 0.00067, 0.05351, 0.00248, 0.00321, 0.00761, 0.00000, 0.08819, 1133899
0.00, 2500, 24, 49, 100000, 0, 0.00000, 0.02066, 0.00062, 0.04981, 0.00227, 0.00314, 0.00769, 0.00000, 0.08419, 1187803
0.00, 2500, 24, 50, 100000, 0, 0.00000, 0.01994, 0.00048, 0.05411, 0.00235, 0.00312, 0.00775, 0.00000, 0.08775, 1139612
0.00, 2500, 24, 51, 100000, 0, 0.00000, 0.01735, 0.00063, 0.05062, 0.00239, 0.00323, 0.00770, 0.00000, 0.08192, 1220674
0.00, 2500, 24, 52, 100000, 0, 0.00000, 0.02087, 0.00092, 0.05007, 0.00288, 0.00331, 0.00745, 0.00000, 0.08549, 1169678
0.00, 2500, 24, 53, 100000, 0, 0.00000, 0.02100, 0.00063, 0.05145, 0.00277, 0.00319, 0.00715, 0.00000, 0.08619, 1160192
0.00, 2500, 24, 54, 100000, 0, 0.00000, 0.01878, 0.00073, 0.05377, 0.00270, 0.00326, 0.00744, 0.00000, 0.08669, 1153585
0.00, 2500, 24, 55, 100000, 0, 0.00000, 0.02182, 0.00073, 0.05249, 0.00245, 0.00305, 0.00758, 0.00000, 0.08812, 1134769
0.00, 2500, 24, 56, 100000, 0, 0.00000, 0.01944, 0.00085, 0.05186, 0.00308, 0.00321, 0.00773, 0.00000, 0.08618, 1160402
0.00, 2500, 24, 57, 100000, 0, 0.00000, 0.02196, 0.00127, 0.05472, 0.00274, 0.00321, 0.00693, 0.00000, 0.09083, 1101012
0.00, 2500, 24, 58, 100000, 0, 0.00000, 0.02222, 0.00067, 0.05386, 0.00273, 0.00548, 0.00709, 0.00000, 0.09205, 1086365
0.00, 2500, 24, 59, 100000, 0, 0.00000, 0.02215, 0.00085, 0.05217, 0.00246, 0.00323, 0.00745, 0.00000, 0.08830, 1132490
0.00, 2500, 24, 60, 100000, 0, 0.00000, 0.02003, 0.00062, 0.05271, 0.00257, 0.00322, 0.00783, 0.00000, 0.08696, 1149924
0.00, 2500, 24, 61, 100000, 0, 0.00000, 0.02422, 0.00069, 0.05207, 0.00234, 0.00316, 0.00653, 0.00000, 0.08900, 1123543
0.00, 2500, 24, 62, 100000, 0, 0.00000, 0.02073, 0.00068, 0.05189, 0.00281, 0.00326, 0.00769, 0.00000, 0.08707, 1148534
0.00, 2500, 24, 63, 100000, 0, 0.00000, 0.02145, 0.00062, 0.05060, 0.00246, 0.00322, 0.00700, 0.00000, 0.08536, 1171506
0.00, 2500, 24, 64, 100000, 0, 0.00000, 0.01810, 0.00061, 0.05044, 0.00299, 0.00332, 0.00779, 0.00000, 0.08325, 1201222
0.00, 2500, 24, 65, 100000, 0, 0.00000, 0.01993, 0.00069, 0.05264, 0.00280, 0.00327, 0.00781, 0.00000, 0.08714, 1147640
0.00, 2500, 24, 66, 100000, 0, 0.00000, 0.01890, 0.00080, 0.05095, 0.00275, 0.00324, 0.00794, 0.00000, 0.08458, 1182357
0.00, 2500, 24, 67, 100000, 0, 0.00000, 0.01961, 0.00063, 0.05105, 0.00231, 0.00393, 0.00755, 0.00000, 0.08508, 1175338
0.00, 2500, 24, 68, 100000, 0, 0.00000, 0.01989, 0.00074, 0.05106, 0.00257, 0.00330, 0.00767, 0.00000, 0.08524, 1173190
0.00, 2500, 24, 69, 100000, 0, 0.00000, 0.01968, 0.00093, 0.05309, 0.00240, 0.00316, 0.00727, 0.00000, 0.08654, 1155511
0.00, 2500, 24, 70, 100000, 0, 0.00000, 0.01983, 0.00060, 0.05159, 0.00234, 0.00548, 0.00805, 0.00000, 0.08789, 1137829
0.00, 2500, 24, 71, 100000, 0, 0.00000, 0.01983, 0.00080, 0.05318, 0.00230, 0.00314, 0.00742, 0.00000, 0.08667, 1153809
0.00, 2500, 24, 72, 100000, 0, 0.00000, 0.02002, 0.00079, 0.05310, 0.00252, 0.00320, 0.00775, 0.00000, 0.08738, 1144410
0.00, 2500, 24, 73, 100000, 0, 0.00000, 0.02030, 0.00068, 0.05200, 0.00259, 0.00321, 0.00797, 0.00000, 0.08675, 1152692
0.00, 2500, 24, 74, 100000, 0, 0.00000, 0.02600, 0.00061, 0.05148, 0.00301, 0.00323, 0.00782, 0.00000, 0.09215, 1085181
0.00, 2500, 24, 75, 100000, 0, 0.00000, 0.02363, 0.00068, 0.05475, 0.00253, 0.00314, 0.00747, 0.00000, 0.09220, 1084624
0.00, 2500, 24, 76, 100000, 0, 0.00000, 0.02100, 0.00046, 0.05146, 0.00262, 0.00320, 0.00737, 0.00000, 0.08612, 1161224
0.00, 2500, 24, 77, 100000, 0, 0.00000, 0.02130, 0.00055, 0.05492, 0.00283, 0.00332, 0.00777, 0.00000, 0.09069, 1102714
0.00, 2500, 24, 78, 100000, 0, 0.00000, 0.02021, 0.00067, 0.05523, 0.00245, 0.00314, 0.00793, 0.00000, 0.08964, 1115551
0.00, 2500, 24, 79, 100000, 0, 0.00000, 0.01956, 0.00078, 0.05477, 0.00256, 0.00335, 0.00794, 0.00000, 0.08897, 1123995
0.00, 2500, 24, 80, 100000, 0, 0.00000, 0.01967, 0.00079, 0.05374, 0.00285, 0.00333, 0.00761, 0.00000, 0.08799, 1136489
0.00, 2500, 24, 81, 100000, 0, 0.00000, 0.01961, 0.00083, 0.05215, 0.00267, 0.00316, 0.00766, 0.00000, 0.08607, 1161840
0.00, 2500, 24, 82, 100000, 0, 0.00000, 0.02006, 0.00090, 0.05266, 0.00302, 0.00321, 0.00775, 0.00000, 0.08761, 1141425
0.00, 2500, 24, 83, 100000, 0, 0.00000, 0.01977, 0.00069, 0.05289, 0.00309, 0.00320, 0.00764, 0.00000, 0.08728, 1145745
0.00, 2500, 24, 84, 100000, 0, 0.00000, 0.01757, 0.00064, 0.05101, 0.00245, 0.00315, 0.00721, 0.00000, 0.08203, 1219026
0.00, 2500, 24, 85, 100000, 0, 0.00000, 0.01989, 0.00053, 0.05062, 0.00218, 0.00329, 0.00783, 0.00000, 0.08436, 1185451
0.00, 2500, 24, 86, 100000, 0, 0.00000, 0.02423, 0.00074, 0.05228, 0.00242, 0.00329, 0.00690, 0.00000, 0.08987, 1112721
0.00, 2500, 24, 87, 100000, 0, 0.00000, 0.02105, 0.00061, 0.05132, 0.00282, 0.00333, 0.00826, 0.00000, 0.08739, 1144313
0.00, 2500, 24, 88, 100000, 0, 0.00000, 0.02285, 0.00055, 0.05009, 0.00203, 0.00331, 0.00703, 0.00000, 0.08585, 1164830
0.00, 2500, 24, 89, 100000, 0, 0.00000, 0.01942, 0.00058, 0.05139, 0.00251, 0.00325, 0.00791, 0.00000, 0.08505, 1175769
0.00, 2500, 24, 90, 100000, 0, 0.00000, 0.02191, 0.00081, 0.05307, 0.00226, 0.00320, 0.00753, 0.00000, 0.08879, 1126210
0.00, 2500, 24, 91, 100000, 0, 0.00000, 0.02029, 0.00084, 0.05268, 0.00230, 0.00324, 0.00751, 0.00000, 0.08685, 1151374
0.00, 2500, 24, 92, 100000, 0, 0.00000, 0.02202, 0.00052, 0.05206, 0.00268, 0.00340, 0.00771, 0.00000, 0.08839, 1131385
0.00, 2500, 24, 93, 100000, 0, 0.00000, 0.02210, 0.00077, 0.05317, 0.00238, 0.00319, 0.00701, 0.00000, 0.08862, 1128454
0.00, 2500, 24, 94, 100000, 0, 0.00000, 0.02270, 0.00060, 0.05519, 0.00230, 0.00330, 0.00677, 0.00000, 0.09086, 1100599
0.00, 2500, 24, 95, 100000, 0, 0.00000, 0.02310, 0.00059, 0.05772, 0.00232, 0.00327, 0.00706, 0.00000, 0.09404, 1063386
0.00, 2500, 24, 96, 100000, 0, 0.00000, 0.01984, 0.00054, 0.04903, 0.00231, 0.00575, 0.00713, 0.00000, 0.08459, 1182155
0.00, 2500, 24, 97, 100000, 0, 0.00000, 0.02309, 0.00074, 0.05301, 0.00224, 0.00325, 0.00718, 0.00000, 0.08951, 1117151
0.00, 2500, 24, 98, 100000, 0, 0.00000, 0.02421, 0.00063, 0.05207, 0.00290, 0.00320, 0.00761, 0.00000, 0.09062, 1103532
0.00, 2500, 24, 99, 100000, 0, 0.00000, 0.02138, 0.00073, 0.05288, 0.00268, 0.00324, 0.00688, 0.00000, 0.08779, 1139058
0.00, 2500, 24, 100, 100000, 0, 0.00000, 0.02010, 0.00071, 0.05168, 0.00274, 0.00340, 0.00791, 0.00000, 0.08655, 1155459
0.00, 2500, 24, total, 10000000,, 0.00000, 2.16968, 0.06973, 5.05499, 0.25484, 0.33056, 0.75665, 0.00001, 8.63646, 1157882.25000
