zipfian_const, NR_DPUS, NR_TASKLETS, batch_num, num_keys, max_query_num, preprocess_time1, preprocess_time2, migration_plan_time, migration_time, send_time, execution_time, receive_result_time, merge_time, batch_time, throughput
0.00, 2500, 24, 1, 100000, 0, 0.00000, 0.29052, 0.00116, 0.00110, 0.00214, 0.00268, 0.24910, 0.00000, 0.54670, 182917
0.00, 2500, 24, 2, 100000, 0, 0.00000, 0.02211, 0.00076, 0.02502, 0.00260, 0.00255, 0.00420, 0.00000, 0.05724, 1747015
0.00, 2500, 24, 3, 100000, 0, 0.00000, 0.01680, 0.00045, 0.02228, 0.00345, 0.00254, 0.00532, 0.00000, 0.05085, 1966616
0.00, 2500, 24, 4, 100000, 0, 0.00000, 0.01745, 0.00075, 0.02310, 0.00276, 0.00283, 0.00485, 0.00000, 0.05174, 1932658
0.00, 2500, 24, 5, 100000, 0, 0.00000, 0.01425, 0.00082, 0.02094, 0.00270, 0.00165, 0.00469, 0.00000, 0.04504, 2220389
0.00, 2500, 24, 6, 100000, 0, 0.00000, 0.01396, 0.00119, 0.02095, 0.00265, 0.00368, 0.00479, 0.00000, 0.04721, 2118401
0.00, 2500, 24, 7, 100000, 0, 0.00000, 0.01404, 0.00110, 0.02082, 0.00267, 0.00158, 0.00485, 0.00000, 0.04505, 2219564
0.00, 2500, 24, 8, 100000, 0, 0.00000, 0.01519, 0.00101, 0.02421, 0.00270, 0.00167, 0.00430, 0.00000, 0.04908, 2037544
0.00, 2500, 24, 9, 100000, 0, 0.00000, 0.01306, 0.00074, 0.01895, 0.00262, 0.00171, 0.00568, 0.00000, 0.04275, 2339044
0.00, 2500, 24, 10, 100000, 0, 0.00000, 0.01355, 0.00075, 0.02019, 0.00265, 0.00166, 0.00454, 0.00000, 0.04335, 2307031
0.00, 2500, 24, 11, 100000, 0, 0.00000, 0.01437, 0.00098, 0.02079, 0.00252, 0.00163, 0.00462, 0.00000, 0.04492, 2226311
0.00, 2500, 24, 12, 100000, 0, 0.00000, 0.01290, 0.00084, 0.01951, 0.00252, 0.00167, 0.00485, 0.00000, 0.04229, 2364422
0.00, 2500, 24, 13, 100000, 0, 0.00000, 0.01374, 0.00078, 0.02025, 0.00267, 0.00167, 0.00508, 0.00000, 0.04419, 2263207
0.00, 2500, 24, 14, 100000, 0, 0.00000, 0.01321, 0.00079, 0.02061, 0.00260, 0.00164, 0.00432, 0.00000, 0.04317, 2316317
0.00, 2500, 24, 15, 100000, 0, 0.00000, 0.01228, 0.00062, 0.01929, 0.00253, 0.00214, 0.00476, 0.00000, 0.04162, 2402418
0.00, 2500, 24, 16, 100000, 0, 0.00000, 0.01471, 0.00120, 0.02108, 0.00245, 0.00255, 0.00453, 0.00000, 0.04651, 2150288
0.00, 2500, 24, 17, 100000, 0, 0.00000, 0.01303, 0.00058, 0.01886, 0.00219, 0.00169, 0.00411, 0.00000, 0.04046, 2471560
0.00, 2500, 24, 18, 100000, 0, 0.00000, 0.01301, 0.00070, 0.01894, 0.00203, 0.00250, 0.00393, 0.00000, 0.04111, 2432535
0.00, 2500, 24, 19, 100000, 0, 0.00000, 0.01359, 0.00077, 0.02047, 0.00236, 0.00257, 0.00464, 0.00000, 0.04440, 2252167
0.00, 2500, 24, 20, 100000, 0, 0.00000, 0.01386, 0.00076, 0.02082, 0.00244, 0.00172, 0.00412, 0.00000, 0.04371, 2287597
0.00, 2500, 24, 21, 100000, 0, 0.00000, 0.01236, 0.00047, 0.01838, 0.00214, 0.00164, 0.00401, 0.00000, 0.03900, 2564071
0.00, 2500, 24, 22, 100000, 0, 0.00000, 0.01326, 0.00087, 0.02034, 0.00219, 0.00164, 0.00425, 0.00000, 0.04256, 2349504
0.00, 2500, 24, 23, 100000, 0, 0.00000, 0.01268, 0.00050, 0.01782, 0.00237, 0.00165, 0.00406, 0.00000, 0.03909, 2558218
0.00, 2500, 24, 24, 100000, 0, 0.00000, 0.01625, 0.00077, 0.02256, 0.00286, 0.00237, 0.00455, 0.00000, 0.04936, 2025862
0.00, 2500, 24, 25, 100000, 0, 0.00000, 0.01441, 0.00089, 0.02244, 0.00267, 0.00161, 0.00451, 0.00000, 0.04654, 2148591
0.00, 2500, 24, 26, 100000, 0, 0.00000, 0.01356, 0.00063, 0.01957, 0.00239, 0.00253, 0.00490, 0.00000, 0.04358, 2294630
0.00, 2500, 24, 27, 100000, 0, 0.00000, 0.01384, 0.00095, 0.02043, 0.00225, 0.00269, 0.00429, 0.00000, 0.04445, 2249696
0.00, 2500, 24, 28, 100000, 0, 0.00000, 0.01262, 0.00056, 0.01885, 0.00214, 0.00258, 0.00485, 0.00000, 0.04159, 2404446
0.00, 2500, 24, 29, 100000, 0, 0.00000, 0.01291, 0.00078, 0.02014, 0.00256, 0.00166, 0.00470, 0.00000, 0.04273, 2340012
0.00, 2500, 24, 30, 100000, 0, 0.00000, 0.01316, 0.00110, 0.02184, 0.00239, 0.00169, 0.00422, 0.00000, 0.04440, 2252403
0.00, 2500, 24, 31, 100000, 0, 0.00000, 0.01355, 0.00084, 0.02034, 0.00282, 0.00254, 0.00461, 0.00000, 0.04470, 2237344
0.00, 2500, 24, 32, 100000, 0, 0.00000, 0.01432, 0.00077, 0.02058, 0.00277, 0.00254, 0.00425, 0.00000, 0.04523, 2211074
0.00, 2500, 24, 33, 100000, 0, 0.00000, 0.01334, 0.00067, 0.01946, 0.00243, 0.00253, 0.00478, 0.00000, 0.04321, 2314059
0.00, 2500, 24, 34, 100000, 0, 0.00000, 0.01293, 0.00101, 0.02152, 0.00235, 0.00263, 0.00438, 0.00000, 0.04481, 2231767
0.00, 2500, 24, 35, 100000, 0, 0.00000, 0.01263, 0.00073, 0.01973, 0.00208, 0.00156, 0.00475, 0.00000, 0.04148, 2410690
0.00, 2500, 24, 36, 100000, 0, 0.00000, 0.01354, 0.00082, 0.02021, 0.00256, 0.00165, 0.00478, 0.00000, 0.04355, 2296159
0.00, 2500, 24, 37, 100000, 0, 0.00000, 0.01261, 0.00077, 0.02039, 0.00250, 0.00252, 0.00502, 0.00000, 0.04381, 2282800
0.00, 2500, 24, 38, 100000, 0, 0.00000, 0.01448, 0.00095, 0.02049, 0.00223, 0.00164, 0.00471, 0.00000, 0.04450, 2247143
0.00, 2500, 24, 39, 100000, 0, 0.00000, 0.01318, 0.00093, 0.01990, 0.00213, 0.00159, 0.00396, 0.00000, 0.04168, 2399054
0.00, 2500, 24, 40, 100000, 0, 0.00000, 0.01382, 0.00077, 0.02067, 0.00235, 0.00228, 0.00422, 0.00000, 0.04411, 2267110
0.00, 2500, 24, 41, 100000, 0, 0.00000, 0.01314, 0.00124, 0.02126, 0.00251, 0.00170, 0.00469, 0.00000, 0.04453, 2245656
0.00, 2500, 24, 42, 100000, 0, 0.00000, 0.01402, 0.00104, 0.02098, 0.00215, 0.00242, 0.00444, 0.00000, 0.04504, 2220336
0.00, 2500, 24, 43, 100000, 0, 0.00000, 0.01315, 0.00049, 0.01856, 0.00215, 0.00156, 0.00420, 0.00000, 0.04010, 2493502
0.00, 2500, 24, 44, 100000, 0, 0.00000, 0.01375, 0.00101, 0.02101, 0.00254, 0.00255, 0.00467, 0.00000, 0.04552, 2196630
0.00, 2500, 24, 45, 100000, 0, 0.00000, 0.01377, 0.00099, 0.02134, 0.00235, 0.00159, 0.00444, 0.00000, 0.04448, 2248116
0.00, 2500, 24, 46, 100000, 0, 0.00000, 0.01325, 0.00058, 0.01906, 0.00216, 0.00258, 0.00479, 0.00000, 0.04243, 2356800
0.00, 2500, 24, 47, 100000, 0, 0.00000, 0.01437, 0.00105, 0.02103, 0.00240, 0.00172, 0.00444, 0.00000, 0.04502, 2221204
0.00, 2500, 24, 48, 100000, 0, 0.00000, 0.01341, 0.00088, 0.02042, 0.00267, 0.00253, 0.00456, 0.00000, 0.04447, 2248626
0.00, 2500, 24, 49, 100000, 0, 0.00000, 0.01361, 0.00079, 0.02069, 0.00212, 0.00161, 0.00402, 0.00000, 0.04284, 2334050
0.00, 2500, 24, 50, 100000, 0, 0.00000, 0.01266, 0.00064, 0.01904, 0.00222, 0.00171, 0.00384, 0.00000, 0.04010, 2493502
0.00, 2500, 24, 51, 100000, 0, 0.00000, 0.01540, 0.00057, 0.02323, 0.00269, 0.00257, 0.00477, 0.00000, 0.04923, 2031217
0.00, 2500, 24, 52, 100000, 0, 0.00000, 0.01425, 0.00120, 0.02104, 0.00265, 0.00167, 0.00446, 0.00000, 0.04526, 2209291
0.00, 2500, 24, 53, 100000, 0, 0.00000, 0.01302, 0.00104, 0.02086, 0.00262, 0.00256, 0.00462, 0.00000, 0.04473, 2235812
0.00, 2500, 24, 54, 100000, 0, 0.00000, 0.01328, 0.00083, 0.02027, 0.00218, 0.00165, 0.00412, 0.00000, 0.04232, 2362706
0.00, 2500, 24, 55, 100000, 0, 0.00000, 0.01325, 0.00071, 0.01936, 0.00269, 0.00354, 0.00490, 0.00000, 0.04445, 2249945
0.00, 2500, 24, 56, 100000, 0, 0.00000, 0.01435, 0.00102, 0.02094, 0.00219, 0.00166, 0.00430, 0.00000, 0.04445, 2249792
0.00, 2500, 24, 57, 100000, 0, 0.00000, 0.01752, 0.00050, 0.02325, 0.00238, 0.00168, 0.00483, 0.00000, 0.05017, 1993126
0.00, 2500, 24, 58, 100000, 0, 0.00000, 0.01627, 0.00099, 0.02357, 0.00219, 0.00252, 0.00424, 0.00000, 0.04979, 2008636
0.00, 2500, 24, 59, 100000, 0, 0.00000, 0.01602, 0.00116, 0.02247, 0.00234, 0.00248, 0.00449, 0.00000, 0.04896, 2042478
0.00, 2500, 24, 60, 100000, 0, 0.00000, 0.01424, 0.00078, 0.02071, 0.00476, 0.00214, 0.00493, 0.00000, 0.04756, 2102632
0.00, 2500, 24, 61, 100000, 0, 0.00000, 0.01519, 0.00075, 0.02082, 0.00289, 0.00164, 0.00481, 0.00000, 0.04610, 2169375
0.00, 2500, 24, 62, 100000, 0, 0.00000, 0.01451, 0.00077, 0.02409, 0.00240, 0.00168, 0.00453, 0.00000, 0.04798, 2084151
0.00, 2500, 24, 63, 100000, 0, 0.00000, 0.01514, 0.00080, 0.02067, 0.00260, 0.00213, 0.00461, 0.00000, 0.04595, 2176398
0.00, 2500, 24, 64, 100000, 0, 0.00000, 0.01381, 0.00084, 0.02005, 0.00219, 0.00156, 0.00457, 0.00000, 0.04304, 2323484
0.00, 2500, 24, 65, 100000, 0, 0.00000, 0.01324, 0.00071, 0.01949, 0.00238, 0.00224, 0.00423, 0.00000, 0.04227, 2365794
0.00, 2500, 24, 66, 100000, 0, 0.00000, 0.01416, 0.00054, 0.02250, 0.00263, 0.00165, 0.00423, 0.00000, 0.04571, 2187474
0.00, 2500, 24, 67, 100000, 0, 0.00000, 0.01277, 0.00091, 0.02053, 0.00247, 0.00163, 0.00416, 0.00000, 0.04247, 2354522
0.00, 2500, 24, 68, 100000, 0, 0.00000, 0.01258, 0.00057, 0.01874, 0.00206, 0.00165, 0.00495, 0.00000, 0.04055, 2466376
0.00, 2500, 24, 69, 100000, 0, 0.00000, 0.01385, 0.00086, 0.02033, 0.00236, 0.01275, 0.00472, 0.00000, 0.05486, 1822710
0.00, 2500, 24, 70, 100000, 0, 0.00000, 0.01366, 0.00075, 0.01995, 0.00212, 0.00158, 0.00429, 0.00000, 0.04236, 2360703
0.00, 2500, 24, 71, 100000, 0, 0.00000, 0.01394, 0.00111, 0.02093, 0.00213, 0.00172, 0.00408, 0.00000, 0.04393, 2276234
0.00, 2500, 24, 72, 100000, 0, 0.00000, 0.01242, 0.00067, 0.01965, 0.00216, 0.00164, 0.00427, 0.00000, 0.04081, 2450204
0.00, 2500, 24, 73, 100000, 0, 0.00000, 0.01245, 0.00073, 0.01944, 0.00215, 0.00160, 0.00412, 0.00000, 0.04049, 2470020
0.00, 2500, 24, 74, 100000, 0, 0.00000, 0.01216, 0.00075, 0.01950, 0.00215, 0.00172, 0.00477, 0.00000, 0.04105, 2436348
0.00, 2500, 24, 75, 100000, 0, 0.00000, 0.01543, 0.00082, 0.02130, 0.00239, 0.00164, 0.00442, 0.00000, 0.04601, 2173293
0.00, 2500, 24, 76, 100000, 0, 0.00000, 0.01388, 0.00089, 0.02137, 0.00218, 0.00160, 0.00453, 0.00000, 0.04444, 2250097
0.00, 2500, 24, 77, 100000, 0, 0.00000, 0.01564, 0.00102, 0.02404, 0.00243, 0.00164, 0.00459, 0.00000, 0.04937, 2025600
0.00, 2500, 24, 78, 100000, 0, 0.00000, 0.01424, 0.00078, 0.02306, 0.00273, 0.00162, 0.00446, 0.00000, 0.04688, 2132914
0.00, 2500, 24, 79, 100000, 0, 0.00000, 0.01276, 0.00079, 0.02021, 0.00220, 0.00164, 0.00471, 0.00000, 0.04231, 2363583
0.00, 2500, 24, 80, 100000, 0, 0.00000, 0.01351, 0.00102, 0.02064, 0.00225, 0.00163, 0.00426, 0.00000, 0.04332, 2308618
0.00, 2500, 24, 81, 100000, 0, 0.00000, 0.01396, 0.00080, 0.02035, 0.00240, 0.00173, 0.00458, 0.00000, 0.04382, 2281850
0.00, 2500, 24, 82, 100000, 0, 0.00000, 0.01362, 0.00104, 0.02038, 0.00224, 0.00170, 0.00458, 0.00000, 0.04357, 2295322
0.00, 2500, 24, 83, 100000, 0, 0.00000, 0.01300, 0.00100, 0.02011, 0.00272, 0.00253, 0.00447, 0.00000, 0.04383, 2281731
0.00, 2500, 24, 84, 100000, 0, 0.00000, 0.01286, 0.00079, 0.01961, 0.00277, 0.00252, 0.00409, 0.00000, 0.04265, 2344618
0.00, 2500, 24, 85, 100000, 0, 0.00000, 0.01373, 0.00064, 0.01852, 0.00211, 0.00163, 0.00406, 0.00000, 0.04069, 2457749
0.00, 2500, 24, 86, 100000, 0, 0.00000, 0.01236, 0.00051, 0.01826, 0.00221, 0.00162, 0.00389, 0.00000, 0.03885, 2573938
0.00, 2500, 24, 87, 100000, 0, 0.00000, 0.01551, 0.00051, 0.02132, 0.00241, 0.00162, 0.00469, 0.00000, 0.04607, 2170446
0.00, 2500, 24, 88, 100000, 0, 0.00000, 0.01365, 0.00100, 0.02068, 0.00207, 0.00165, 0.00464, 0.00000, 0.04368, 2289125
0.00, 2500, 24, 89, 100000, 0, 0.00000, 0.01357, 0.00083, 0.02032, 0.00232, 0.00160, 0.00447, 0.00000, 0.04311, 2319811
0.00, 2500, 24, 90, 100000, 0, 0.00000, 0.01576, 0.00110, 0.02366, 0.00260, 0.00256, 0.00455, 0.00000, 0.05023, 1990940
0.00, 2500, 24, 91, 100000, 0, 0.00000, 0.01357, 0.00080, 0.02062, 0.00265, 0.00209, 0.00428, 0.00000, 0.04401, 2272212
0.00, 2500, 24, 92, 100000, 0, 0.00000, 0.01368, 0.00082, 0.02022, 0.00209, 0.00161, 0.00510, 0.00000, 0.04352, 2297750
0.00, 2500, 24, 93, 100000, 0, 0.00000, 0.01348, 0.00088, 0.02058, 0.00262, 0.00171, 0.00481, 0.00000, 0.04409, 2268114
0.00, 2500, 24, 94, 100000, 0, 0.00000, 0.01284, 0.00087, 0.02102, 0.00276, 0.00169, 0.00475, 0.00000, 0.04394, 2275882
0.00, 2500, 24, 95, 100000, 0, 0.00000, 0.01392, 0.00102, 0.02072, 0.00225, 0.00157, 0.00477, 0.00000, 0.04426, 2259602
0.00, 2500, 24, 96, 100000, 0, 0.00000, 0.01383, 0.00097, 0.02132, 0.00294, 0.00176, 0.00455, 0.00000, 0.04536, 2204395
0.00, 2500, 24, 97, 100000, 0, 0.00000, 0.01266, 0.00089, 0.02070, 0.00217, 0.00171, 0.00441, 0.00000, 0.04253, 2351160
0.00, 2500, 24, 98, 100000, 0, 0.00000, 0.01537, 0.00088, 0.04595, 0.00284, 0.00166, 0.00461, 0.00000, 0.07131, 1402392
0.00, 2500, 24, 99, 100000, 0, 0.00000, 0.01473, 0.00076, 0.05215, 0.00254, 0.00160, 0.00459, 0.00000, 0.07638, 1309302
0.00, 2500, 24, 100, 100000, 0, 0.00000, 0.01560, 0.00098, 0.05146, 0.00254, 0.00169, 0.00450, 0.00000, 0.07677, 1302644
0.00, 2500, 24, total, 10000000,, 0.00000, 1.67085, 0.08321, 2.13816, 0.24554, 0.20748, 0.69655, 0.00001, 5.04179, 1983421.37500
