zipfian_const, NR_DPUS, NR_TASKLETS, batch_num, num_keys, max_query_num, preprocess_time1, preprocess_time2, migration_plan_time, migration_time, send_time, execution_time, receive_result_time, merge_time, batch_time, throughput
0.00, 2500, 24, 1, 100000, 0, 0.00000, 0.26982, 0.00053, 0.00053, 0.00187, 0.00240, 0.00369, 0.00000, 0.27884, 358630
0.00, 2500, 24, 2, 100000, 0, 0.00000, 0.00591, 0.00023, 0.07519, 0.00248, 0.00218, 0.00341, 0.00000, 0.08939, 1118636
0.00, 2500, 24, 3, 100000, 0, 0.00000, 0.00584, 0.00052, 0.15429, 0.00259, 0.00230, 0.00353, 0.00000, 0.16907, 591481
0.00, 2500, 24, 4, 100000, 0, 0.00000, 0.00589, 0.00055, 0.15470, 0.00267, 0.00225, 0.00346, 0.00000, 0.16952, 589910
0.00, 2500, 24, 5, 100000, 0, 0.00000, 0.00635, 0.00053, 0.15163, 0.00272, 0.00241, 0.00338, 0.00000, 0.16701, 598765
0.00, 2500, 24, 6, 100000, 0, 0.00000, 0.00569, 0.00052, 0.15535, 0.00266, 0.00227, 0.00343, 0.00000, 0.16993, 588482
0.00, 2500, 24, 7, 100000, 0, 0.00000, 0.00654, 0.00054, 0.15648, 0.00276, 0.00225, 0.00340, 0.00000, 0.17196, 581517
0.00, 2500, 24, 8, 100000, 0, 0.00000, 0.00624, 0.00052, 0.15144, 0.00259, 0.00244, 0.00340, 0.00000, 0.16665, 600075
0.00, 2500, 24, 9, 100000, 0, 0.00000, 0.00595, 0.00053, 0.15406, 0.00264, 0.00229, 0.00339, 0.00000, 0.16887, 592166
0.00, 2500, 24, 10, 100000, 0, 0.00000, 0.00686, 0.00053, 0.15492, 0.00286, 0.00220, 0.00374, 0.00000, 0.17110, 584465
0.00, 2500, 24, 11, 100000, 0, 0.00000, 0.00694, 0.00052, 0.15742, 0.00267, 0.00242, 0.00349, 0.00000, 0.17346, 576486
0.00, 2500, 24, 12, 100000, 0, 0.00000, 0.00606, 0.00052, 0.14839, 0.00261, 0.00228, 0.00320, 0.00000, 0.16306, 613264
0.00, 2500, 24, 13, 100000, 0, 0.00000, 0.00565, 0.00047, 0.15259, 0.00241, 0.00305, 0.00341, 0.00000, 0.16758, 596746
0.00, 2500, 24, 14, 100000, 0, 0.00000, 0.00617, 0.00052, 0.14989, 0.00263, 0.00226, 0.00340, 0.00000, 0.16487, 606532
0.00, 2500, 24, 15, 100000, 0, 0.00000, 0.00613, 0.00053, 0.15238, 0.00256, 0.00230, 0.00348, 0.00000, 0.16737, 597469
0.00, 2500, 24, 16, 100000, 0, 0.00000, 0.00642, 0.00053, 0.15048, 0.00325, 0.00219, 0.00330, 0.00000, 0.16617, 601788
0.00, 2500, 24, 17, 100000, 0, 0.00000, 0.00569, 0.00053, 0.15250, 0.00213, 0.00223, 0.00324, 0.00000, 0.16633, 601226
0.00, 2500, 24, 18, 100000, 0, 0.00000, 0.00570, 0.00045, 0.15509, 0.00248, 0.00227, 0.00352, 0.00000, 0.16951, 589947
0.00, 2500, 24, 19, 100000, 0, 0.00000, 0.00609, 0.00053, 0.15571, 0.00256, 0.00239, 0.00335, 0.00000, 0.17063, 586063
0.00, 2500, 24, 20, 100000, 0, 0.00000, 0.00612, 0.00053, 0.15443, 0.00255, 0.00264, 0.00339, 0.00000, 0.16966, 589413
0.00, 2500, 24, 21, 100000, 0, 0.00000, 0.00536, 0.00055, 0.15319, 0.00233, 0.00233, 0.00338, 0.00000, 0.16712, 598371
0.00, 2500, 24, 22, 100000, 0, 0.00000, 0.00556, 0.00055, 0.15450, 0.00259, 0.00220, 0.00336, 0.00000, 0.16876, 592550
0.00, 2500, 24, 23, 100000, 0, 0.00000, 0.00592, 0.00053, 0.14893, 0.00249, 0.00225, 0.00349, 0.00000, 0.16360, 611242
0.00, 2500, 24, 24, 100000, 0, 0.00000, 0.00608, 0.00052, 0.15358, 0.00275, 0.00257, 0.00341, 0.00000, 0.16891, 592027
0.00, 2500, 24, 25, 100000, 0, 0.00000, 0.00587, 0.00054, 0.15536, 0.00260, 0.00252, 0.00338, 0.00000, 0.17027, 587298
0.00, 2500, 24, 26, 100000, 0, 0.00000, 0.00580, 0.00053, 0.15283, 0.00248, 0.00386, 0.00339, 0.00000, 0.16888, 592130
0.00, 2500, 24, 27, 100000, 0, 0.00000, 0.00585, 0.00054, 0.15189, 0.00265, 0.00228, 0.00350, 0.00000, 0.16671, 599850
0.00, 2500, 24, 28, 100000, 0, 0.00000, 0.00544, 0.00054, 0.15188, 0.00248, 0.00231, 0.00339, 0.00000, 0.16604, 602254
0.00, 2500, 24, 29, 100000, 0, 0.00000, 0.00615, 0.00053, 0.15491, 0.00305, 0.00230, 0.00342, 0.00000, 0.17036, 586976
0.00, 2500, 24, 30, 100000, 0, 0.00000, 0.00710, 0.00048, 0.15374, 0.00268, 0.00240, 0.00354, 0.00000, 0.16995, 588426
0.00, 2500, 24, 31, 100000, 0, 0.00000, 0.00661, 0.00047, 0.15267, 0.00280, 0.00231, 0.00350, 0.00000, 0.16835, 594005
0.00, 2500, 24, 32, 100000, 0, 0.00000, 0.00621, 0.00054, 0.15268, 0.00263, 0.00234, 0.00338, 0.00000, 0.16778, 596019
0.00, 2500, 24, 33, 100000, 0, 0.00000, 0.00596, 0.00053, 0.15232, 0.00267, 0.00228, 0.00332, 0.00000, 0.16708, 598501
0.00, 2500, 24, 34, 100000, 0, 0.00000, 0.00612, 0.00054, 0.15278, 0.00243, 0.00237, 0.00344, 0.00000, 0.16768, 596365
0.00, 2500, 24, 35, 100000, 0, 0.00000, 0.00629, 0.00054, 0.15278, 0.00256, 0.00239, 0.00341, 0.00000, 0.16797, 595331
0.00, 2500, 24, 36, 100000, 0, 0.00000, 0.00618, 0.00049, 0.15653, 0.00273, 0.00233, 0.00341, 0.00000, 0.17167, 582502
0.00, 2500, 24, 37, 100000, 0, 0.00000, 0.00583, 0.00036, 0.14923, 0.00257, 0.00267, 0.00338, 0.00000, 0.16404, 609599
0.00, 2500, 24, 38, 100000, 0, 0.00000, 0.00622, 0.00030, 0.15545, 0.00254, 0.00240, 0.00340, 0.00000, 0.17031, 587163
0.00, 2500, 24, 39, 100000, 0, 0.00000, 0.00599, 0.00054, 0.15317, 0.00217, 0.00229, 0.00343, 0.00000, 0.16761, 596626
0.00, 2500, 24, 40, 100000, 0, 0.00000, 0.00634, 0.00057, 0.15390, 0.00273, 0.00242, 0.00344, 0.00000, 0.16940, 590325
0.00, 2500, 24, 41, 100000, 0, 0.00000, 0.00625, 0.00054, 0.15713, 0.00259, 0.00234, 0.00590, 0.00000, 0.17475, 572251
0.00, 2500, 24, 42, 100000, 0, 0.00000, 0.00633, 0.00054, 0.15562, 0.00275, 0.00232, 0.00635, 0.00000, 0.17391, 575013
0.00, 2500, 24, 43, 100000, 0, 0.00000, 0.00787, 0.00054, 0.15074, 0.00244, 0.00229, 0.00298, 0.00000, 0.16686, 599322
0.00, 2500, 24, 44, 100000, 0, 0.00000, 0.00999, 0.00053, 0.15507, 0.00204, 0.00223, 0.00245, 0.00000, 0.17230, 580375
0.00, 2500, 24, 45, 100000, 0, 0.00000, 0.00632, 0.00025, 0.14960, 0.00256, 0.00235, 0.00347, 0.00000, 0.16454, 607743
0.00, 2500, 24, 46, 100000, 0, 0.00000, 0.00607, 0.00053, 0.15339, 0.00260, 0.00239, 0.00347, 0.00000, 0.16845, 593658
0.00, 2500, 24, 47, 100000, 0, 0.00000, 0.00595, 0.00052, 0.15234, 0.00247, 0.00238, 0.00338, 0.00000, 0.16704, 598660
0.00, 2500, 24, 48, 100000, 0, 0.00000, 0.00598, 0.00054, 0.15573, 0.00250, 0.00230, 0.00332, 0.00000, 0.17038, 586927
0.00, 2500, 24, 49, 100000, 0, 0.00000, 0.00560, 0.00055, 0.15954, 0.00248, 0.00234, 0.00339, 0.00000, 0.17388, 575094
0.00, 2500, 24, 50, 100000, 0, 0.00000, 0.01093, 0.00046, 0.15591, 0.00225, 0.00228, 0.00251, 0.00000, 0.17434, 573580
0.00, 2500, 24, 51, 100000, 0, 0.00000, 0.00985, 0.00018, 0.15175, 0.00217, 0.00225, 0.00263, 0.00000, 0.16884, 592265
0.00, 2500, 24, 52, 100000, 0, 0.00000, 0.00992, 0.00037, 0.15030, 0.00223, 0.00225, 0.00272, 0.00000, 0.16778, 596012
0.00, 2500, 24, 53, 100000, 0, 0.00000, 0.00572, 0.00055, 0.15175, 0.00247, 0.00262, 0.00349, 0.00000, 0.16660, 600249
0.00, 2500, 24, 54, 100000, 0, 0.00000, 0.00583, 0.00054, 0.15308, 0.00267, 0.00259, 0.00338, 0.00000, 0.16808, 594939
0.00, 2500, 24, 55, 100000, 0, 0.00000, 0.00604, 0.00055, 0.15378, 0.00257, 0.00246, 0.00343, 0.00000, 0.16883, 592316
0.00, 2500, 24, 56, 100000, 0, 0.00000, 0.00598, 0.00054, 0.15009, 0.00249, 0.00240, 0.00345, 0.00000, 0.16494, 606279
0.00, 2500, 24, 57, 100000, 0, 0.00000, 0.00608, 0.00053, 0.15688, 0.00252, 0.00241, 0.00338, 0.00000, 0.17180, 582067
0.00, 2500, 24, 58, 100000, 0, 0.00000, 0.00615, 0.00054, 0.15486, 0.00248, 0.00236, 0.00344, 0.00000, 0.16983, 588833
0.00, 2500, 24, 59, 100000, 0, 0.00000, 0.00616, 0.00054, 0.15547, 0.00246, 0.00372, 0.00332, 0.00000, 0.17169, 582454
0.00, 2500, 24, 60, 100000, 0, 0.00000, 0.00981, 0.00057, 0.15541, 0.00178, 0.00232, 0.00230, 0.00000, 0.17219, 580765
0.00, 2500, 24, 61, 100000, 0, 0.00000, 0.00615, 0.00018, 0.14806, 0.00254, 0.00241, 0.00343, 0.00000, 0.16277, 614353
0.00, 2500, 24, 62, 100000, 0, 0.00000, 0.00583, 0.00055, 0.15085, 0.00249, 0.00240, 0.00337, 0.00000, 0.16548, 604287
0.00, 2500, 24, 63, 100000, 0, 0.00000, 0.00594, 0.00055, 0.15489, 0.00281, 0.00387, 0.00337, 0.00000, 0.17142, 583346
0.00, 2500, 24, 64, 100000, 0, 0.00000, 0.00615, 0.00054, 0.15422, 0.00253, 0.00238, 0.00346, 0.00000, 0.16927, 590764
0.00, 2500, 24, 65, 100000, 0, 0.00000, 0.00565, 0.00054, 0.15449, 0.00273, 0.00235, 0.00334, 0.00000, 0.16911, 591340
0.00, 2500, 24, 66, 100000, 0, 0.00000, 0.00620, 0.00055, 0.15388, 0.00293, 0.00249, 0.00378, 0.00000, 0.16981, 588899
0.00, 2500, 24, 67, 100000, 0, 0.00000, 0.00629, 0.00050, 0.15272, 0.00262, 0.00270, 0.00350, 0.00000, 0.16834, 594045
0.00, 2500, 24, 68, 100000, 0, 0.00000, 0.00647, 0.00055, 0.15134, 0.00257, 0.00246, 0.00350, 0.00000, 0.16689, 599202
0.00, 2500, 24, 69, 100000, 0, 0.00000, 0.01332, 0.00055, 0.15651, 0.00189, 0.00374, 0.00255, 0.00000, 0.17856, 560033
0.00, 2500, 24, 70, 100000, 0, 0.00000, 0.00703, 0.00023, 0.15072, 0.00254, 0.00247, 0.00344, 0.00000, 0.16642, 600883
0.00, 2500, 24, 71, 100000, 0, 0.00000, 0.00706, 0.00055, 0.15519, 0.00261, 0.00258, 0.00339, 0.00000, 0.17138, 583514
0.00, 2500, 24, 72, 100000, 0, 0.00000, 0.00620, 0.00050, 0.15223, 0.00196, 0.00261, 0.00302, 0.00000, 0.16651, 600552
0.00, 2500, 24, 73, 100000, 0, 0.00000, 0.00597, 0.00021, 0.14911, 0.00205, 0.00373, 0.00306, 0.00000, 0.16413, 609292
0.00, 2500, 24, 74, 100000, 0, 0.00000, 0.00738, 0.00025, 0.15384, 0.00281, 0.00250, 0.00343, 0.00000, 0.17022, 587480
0.00, 2500, 24, 75, 100000, 0, 0.00000, 0.01158, 0.00055, 0.15473, 0.00187, 0.00222, 0.00242, 0.00000, 0.17337, 576811
0.00, 2500, 24, 76, 100000, 0, 0.00000, 0.00746, 0.00023, 0.15222, 0.00263, 0.00242, 0.00352, 0.00000, 0.16850, 593478
0.00, 2500, 24, 77, 100000, 0, 0.00000, 0.00676, 0.00057, 0.15272, 0.00246, 0.00246, 0.00337, 0.00000, 0.16834, 594045
0.00, 2500, 24, 78, 100000, 0, 0.00000, 0.00832, 0.00056, 0.15206, 0.00258, 0.00354, 0.00328, 0.00000, 0.17034, 587072
0.00, 2500, 24, 79, 100000, 0, 0.00000, 0.00779, 0.00056, 0.15499, 0.00261, 0.00391, 0.00327, 0.00000, 0.17313, 577590
0.00, 2500, 24, 80, 100000, 0, 0.00000, 0.00693, 0.00057, 0.15632, 0.00279, 0.00248, 0.00340, 0.00000, 0.17248, 579762
0.00, 2500, 24, 81, 100000, 0, 0.00000, 0.00676, 0.00056, 0.15375, 0.00268, 0.00247, 0.00343, 0.00000, 0.16964, 589467
0.00, 2500, 24, 82, 100000, 0, 0.00000, 0.01400, 0.00058, 0.15489, 0.00221, 0.00218, 0.00245, 0.00000, 0.17632, 567158
0.00, 2500, 24, 83, 100000, 0, 0.00000, 0.01462, 0.00040, 0.14963, 0.00296, 0.00248, 0.00355, 0.00000, 0.17363, 575926
0.00, 2500, 24, 84, 100000, 0, 0.00000, 0.01586, 0.00055, 0.15453, 0.00289, 0.00229, 0.00333, 0.00000, 0.17945, 557257
0.00, 2500, 24, 85, 100000, 0, 0.00000, 0.00690, 0.00046, 0.15214, 0.00249, 0.00240, 0.00333, 0.00000, 0.16773, 596189
0.00, 2500, 24, 86, 100000, 0, 0.00000, 0.01518, 0.00055, 0.15007, 0.00230, 0.00249, 0.00229, 0.00000, 0.17289, 578388
0.00, 2500, 24, 87, 100000, 0, 0.00000, 0.00682, 0.00022, 0.15113, 0.00292, 0.00247, 0.00340, 0.00000, 0.16696, 598941
0.00, 2500, 24, 88, 100000, 0, 0.00000, 0.01422, 0.00056, 0.15784, 0.00289, 0.00264, 0.00326, 0.00000, 0.18140, 551263
0.00, 2500, 24, 89, 100000, 0, 0.00000, 0.00701, 0.00056, 0.15425, 0.00266, 0.00240, 0.00356, 0.00000, 0.17044, 586728
0.00, 2500, 24, 90, 100000, 0, 0.00000, 0.01369, 0.00057, 0.15414, 0.00217, 0.00232, 0.00246, 0.00000, 0.17536, 570260
0.00, 2500, 24, 91, 100000, 0, 0.00000, 0.01062, 0.00019, 0.15120, 0.00248, 0.00245, 0.00282, 0.00000, 0.16975, 589087
0.00, 2500, 24, 92, 100000, 0, 0.00000, 0.01446, 0.00019, 0.15259, 0.00338, 0.00260, 0.00367, 0.00000, 0.17688, 565355
0.00, 2500, 24, 93, 100000, 0, 0.00000, 0.01251, 0.00055, 0.15571, 0.00274, 0.00248, 0.00293, 0.00000, 0.17691, 565254
0.00, 2500, 24, 94, 100000, 0, 0.00000, 0.01136, 0.00033, 0.15465, 0.00257, 0.00250, 0.00288, 0.00000, 0.17429, 573746
0.00, 2500, 24, 95, 100000, 0, 0.00000, 0.01056, 0.00055, 0.15038, 0.00214, 0.00247, 0.00258, 0.00000, 0.16867, 592867
0.00, 2500, 24, 96, 100000, 0, 0.00000, 0.00834, 0.00019, 0.15189, 0.00236, 0.00238, 0.00325, 0.00000, 0.16840, 593822
0.00, 2500, 24, 97, 100000, 0, 0.00000, 0.00724, 0.00040, 0.15131, 0.00260, 0.00254, 0.00343, 0.00000, 0.16751, 596970
0.00, 2500, 24, 98, 100000, 0, 0.00000, 0.00661, 0.00052, 0.15141, 0.00207, 0.00233, 0.00292, 0.00000, 0.16586, 602905
0.00, 2500, 24, 99, 100000, 0, 0.00000, 0.00773, 0.00020, 0.15038, 0.00270, 0.00237, 0.00343, 0.00000, 0.16680, 599514
0.00, 2500, 24, 100, 100000, 0, 0.00000, 0.00617, 0.00057, 0.15425, 0.00204, 0.00250, 0.00349, 0.00000, 0.16902, 591642
0.00, 2500, 24, total, 10000000,, 0.00000, 1.00489, 0.04819, 15.09546, 0.25340, 0.24890, 0.33409, 0.00001, 16.98493, 588757.12500
