zipfian_const, NR_DPUS, NR_TASKLETS, batch_num, num_keys, max_query_num, preprocess_time1, preprocess_time2, migration_plan_time, migration_time, send_time, execution_time, receive_result_time, merge_time, batch_time, throughput
0.00, 2500, 24, 1, 100000, 0, 0.00000, 0.30223, 0.00018, 0.00017, 0.00204, 0.00201, 0.22716, 0.00000, 0.53380, 187338
0.00, 2500, 24, 2, 100000, 0, 0.00000, 0.00539, 0.00017, 0.00014, 0.00304, 0.00236, 0.00218, 0.00000, 0.01329, 7526052
0.00, 2500, 24, 3, 100000, 0, 0.00000, 0.00526, 0.00028, 0.00027, 0.00196, 0.00156, 0.00229, 0.00000, 0.01161, 8611048
0.00, 2500, 24, 4, 100000, 0, 0.00000, 0.00555, 0.00035, 0.00028, 0.00248, 0.00162, 0.00295, 0.00000, 0.01322, 7562661
0.00, 2500, 24, 5, 100000, 0, 0.00000, 0.00622, 0.00051, 0.00036, 0.00253, 0.00162, 0.00282, 0.00000, 0.01407, 7109025
0.00, 2500, 24, 6, 100000, 0, 0.00000, 0.00602, 0.00047, 0.00031, 0.00244, 0.00161, 0.00245, 0.00000, 0.01329, 7522138
0.00, 2500, 24, 7, 100000, 0, 0.00000, 0.00606, 0.00047, 0.00029, 0.00277, 0.00154, 0.00288, 0.00000, 0.01401, 7135994
0.00, 2500, 24, 8, 100000, 0, 0.00000, 0.00622, 0.00052, 0.00040, 0.00258, 0.00237, 0.00286, 0.00000, 0.01494, 6693233
0.00, 2500, 24, 9, 100000, 0, 0.00000, 0.00677, 0.00044, 0.00033, 0.00284, 0.00238, 0.00272, 0.00000, 0.01549, 6457066
0.00, 2500, 24, 10, 100000, 0, 0.00000, 0.00586, 0.00051, 0.00042, 0.00257, 0.00157, 0.00261, 0.00000, 0.01354, 7385170
0.00, 2500, 24, 11, 100000, 0, 0.00000, 0.00583, 0.00047, 0.00048, 0.00237, 0.00237, 0.00280, 0.00000, 0.01432, 6983621
0.00, 2500, 24, 12, 100000, 0, 0.00000, 0.00582, 0.00039, 0.00025, 0.00260, 0.00244, 0.00289, 0.00000, 0.01439, 6947788
0.00, 2500, 24, 13, 100000, 0, 0.00000, 0.00613, 0.00052, 0.00042, 0.00274, 0.00157, 0.00301, 0.00000, 0.01439, 6951474
0.00, 2500, 24, 14, 100000, 0, 0.00000, 0.00628, 0.00051, 0.00051, 0.00264, 0.00387, 0.00288, 0.00000, 0.01670, 5988588
0.00, 2500, 24, 15, 100000, 0, 0.00000, 0.00629, 0.00051, 0.00042, 0.00305, 0.00161, 0.00297, 0.00000, 0.01486, 6731666
0.00, 2500, 24, 16, 100000, 0, 0.00000, 0.00610, 0.00051, 0.00033, 0.00251, 0.00238, 0.00290, 0.00000, 0.01473, 6789630
0.00, 2500, 24, 17, 100000, 0, 0.00000, 0.00594, 0.00051, 0.00035, 0.00288, 0.00158, 0.00285, 0.00000, 0.01410, 7090110
0.00, 2500, 24, 18, 100000, 0, 0.00000, 0.00594, 0.00051, 0.00051, 0.00271, 0.00181, 0.00299, 0.00000, 0.01447, 6911302
0.00, 2500, 24, 19, 100000, 0, 0.00000, 0.00581, 0.00046, 0.00036, 0.00271, 0.00240, 0.00296, 0.00000, 0.01470, 6802360
0.00, 2500, 24, 20, 100000, 0, 0.00000, 0.00620, 0.00052, 0.00042, 0.00247, 0.00238, 0.00295, 0.00000, 0.01493, 6697805
0.00, 2500, 24, 21, 100000, 0, 0.00000, 0.00617, 0.00051, 0.00035, 0.00248, 0.00157, 0.00270, 0.00000, 0.01379, 7253914
0.00, 2500, 24, 22, 100000, 0, 0.00000, 0.00612, 0.00051, 0.00035, 0.00258, 0.00244, 0.00310, 0.00000, 0.01509, 6625496
0.00, 2500, 24, 23, 100000, 0, 0.00000, 0.00588, 0.00051, 0.00042, 0.00266, 0.00160, 0.00292, 0.00000, 0.01399, 7148224
0.00, 2500, 24, 24, 100000, 0, 0.00000, 0.00629, 0.00051, 0.00033, 0.00263, 0.00246, 0.00250, 0.00000, 0.01471, 6797554
0.00, 2500, 24, 25, 100000, 0, 0.00000, 0.00619, 0.00051, 0.00043, 0.00284, 0.00245, 0.00277, 0.00000, 0.01519, 6584407
0.00, 2500, 24, 26, 100000, 0, 0.00000, 0.00648, 0.00050, 0.00050, 0.00273, 0.00243, 0.00264, 0.00000, 0.01527, 6547024
0.00, 2500, 24, 27, 100000, 0, 0.00000, 0.00619, 0.00051, 0.00042, 0.00272, 0.00245, 0.00334, 0.00000, 0.01564, 6395245
0.00, 2500, 24, 28, 100000, 0, 0.00000, 0.00726, 0.00051, 0.00051, 0.00258, 0.00162, 0.00276, 0.00000, 0.01523, 6564146
0.00, 2500, 24, 29, 100000, 0, 0.00000, 0.00666, 0.00051, 0.00044, 0.00232, 0.00234, 0.00266, 0.00000, 0.01492, 6700220
0.00, 2500, 24, 30, 100000, 0, 0.00000, 0.00602, 0.00040, 0.00025, 0.00255, 0.00368, 0.00303, 0.00000, 0.01594, 6275146
0.00, 2500, 24, 31, 100000, 0, 0.00000, 0.00658, 0.00052, 0.00040, 0.00254, 0.00157, 0.00306, 0.00000, 0.01467, 6814914
0.00, 2500, 24, 32, 100000, 0, 0.00000, 0.00655, 0.00052, 0.00033, 0.00266, 0.00228, 0.00261, 0.00000, 0.01495, 6686740
0.00, 2500, 24, 33, 100000, 0, 0.00000, 0.00631, 0.00047, 0.00041, 0.00242, 0.00155, 0.00270, 0.00000, 0.01386, 7215122
0.00, 2500, 24, 34, 100000, 0, 0.00000, 0.00633, 0.00043, 0.00033, 0.00256, 0.00165, 0.00289, 0.00000, 0.01420, 7044294
0.00, 2500, 24, 35, 100000, 0, 0.00000, 0.00658, 0.00052, 0.00042, 0.00254, 0.00219, 0.00295, 0.00000, 0.01519, 6582724
0.00, 2500, 24, 36, 100000, 0, 0.00000, 0.00627, 0.00052, 0.00034, 0.00272, 0.00156, 0.00279, 0.00000, 0.01420, 7041388
0.00, 2500, 24, 37, 100000, 0, 0.00000, 0.00641, 0.00052, 0.00050, 0.00273, 0.00238, 0.00295, 0.00000, 0.01550, 6452014
0.00, 2500, 24, 38, 100000, 0, 0.00000, 0.00601, 0.00052, 0.00051, 0.00271, 0.00258, 0.00287, 0.00000, 0.01520, 6580532
0.00, 2500, 24, 39, 100000, 0, 0.00000, 0.00618, 0.00051, 0.00034, 0.00280, 0.00158, 0.00304, 0.00000, 0.01445, 6922203
0.00, 2500, 24, 40, 100000, 0, 0.00000, 0.00598, 0.00051, 0.00035, 0.00270, 0.00156, 0.00261, 0.00000, 0.01370, 7298151
0.00, 2500, 24, 41, 100000, 0, 0.00000, 0.00603, 0.00047, 0.00029, 0.00271, 0.00242, 0.00274, 0.00000, 0.01466, 6821404
0.00, 2500, 24, 42, 100000, 0, 0.00000, 0.00639, 0.00052, 0.00042, 0.00267, 0.00160, 0.00276, 0.00000, 0.01437, 6957270
0.00, 2500, 24, 43, 100000, 0, 0.00000, 0.00653, 0.00051, 0.00050, 0.00263, 0.00235, 0.00297, 0.00000, 0.01551, 6448309
0.00, 2500, 24, 44, 100000, 0, 0.00000, 0.00597, 0.00051, 0.00042, 0.00285, 0.00160, 0.00308, 0.00000, 0.01443, 6928521
0.00, 2500, 24, 45, 100000, 0, 0.00000, 0.00642, 0.00045, 0.00044, 0.00283, 0.00168, 0.00289, 0.00000, 0.01471, 6798990
0.00, 2500, 24, 46, 100000, 0, 0.00000, 0.00652, 0.00052, 0.00034, 0.00261, 0.00157, 0.00297, 0.00000, 0.01453, 6880736
0.00, 2500, 24, 47, 100000, 0, 0.00000, 0.00637, 0.00047, 0.00038, 0.00263, 0.00153, 0.00279, 0.00000, 0.01417, 7058166
0.00, 2500, 24, 48, 100000, 0, 0.00000, 0.00629, 0.00040, 0.00035, 0.00280, 0.00691, 0.00287, 0.00000, 0.01962, 5098014
0.00, 2500, 24, 49, 100000, 0, 0.00000, 0.00661, 0.00051, 0.00042, 0.00225, 0.00149, 0.00281, 0.00000, 0.01409, 7097566
0.00, 2500, 24, 50, 100000, 0, 0.00000, 0.00611, 0.00052, 0.00042, 0.00228, 0.00150, 0.00254, 0.00000, 0.01336, 7482354
0.00, 2500, 24, 51, 100000, 0, 0.00000, 0.00600, 0.00037, 0.00032, 0.00237, 0.00158, 0.00269, 0.00000, 0.01335, 7491785
0.00, 2500, 24, 52, 100000, 0, 0.00000, 0.00580, 0.00032, 0.00030, 0.00245, 0.00245, 0.00290, 0.00000, 0.01422, 7030627
0.00, 2500, 24, 53, 100000, 0, 0.00000, 0.00618, 0.00052, 0.00042, 0.00265, 0.00152, 0.00292, 0.00000, 0.01420, 7039860
0.00, 2500, 24, 54, 100000, 0, 0.00000, 0.00589, 0.00053, 0.00043, 0.00257, 0.00157, 0.00311, 0.00000, 0.01410, 7089972
0.00, 2500, 24, 55, 100000, 0, 0.00000, 0.00649, 0.00051, 0.00032, 0.00250, 0.00153, 0.00285, 0.00000, 0.01421, 7035804
0.00, 2500, 24, 56, 100000, 0, 0.00000, 0.00634, 0.00052, 0.00048, 0.00233, 0.00165, 0.00295, 0.00000, 0.01428, 7002660
0.00, 2500, 24, 57, 100000, 0, 0.00000, 0.00626, 0.00046, 0.00036, 0.00252, 0.00158, 0.00256, 0.00000, 0.01373, 7281776
0.00, 2500, 24, 58, 100000, 0, 0.00000, 0.00609, 0.00042, 0.00027, 0.00228, 0.00155, 0.00313, 0.00000, 0.01373, 7284480
0.00, 2500, 24, 59, 100000, 0, 0.00000, 0.00622, 0.00043, 0.00033, 0.00257, 0.00169, 0.00283, 0.00000, 0.01408, 7104128
0.00, 2500, 24, 60, 100000, 0, 0.00000, 0.00621, 0.00052, 0.00035, 0.00283, 0.00159, 0.00326, 0.00000, 0.01475, 6778231
0.00, 2500, 24, 61, 100000, 0, 0.00000, 0.00630, 0.00052, 0.00033, 0.00238, 0.00240, 0.00266, 0.00000, 0.01458, 6860522
0.00, 2500, 24, 62, 100000, 0, 0.00000, 0.00611, 0.00047, 0.00030, 0.00234, 0.00233, 0.00271, 0.00000, 0.01426, 7011051
0.00, 2500, 24, 63, 100000, 0, 0.00000, 0.00595, 0.00042, 0.00035, 0.00234, 0.00151, 0.00270, 0.00000, 0.01327, 7534044
0.00, 2500, 24, 64, 100000, 0, 0.00000, 0.00602, 0.00052, 0.00042, 0.00271, 0.00238, 0.00273, 0.00000, 0.01478, 6765298
0.00, 2500, 24, 65, 100000, 0, 0.00000, 0.00604, 0.00048, 0.00042, 0.00262, 0.00156, 0.00325, 0.00000, 0.01437, 6960206
0.00, 2500, 24, 66, 100000, 0, 0.00000, 0.00622, 0.00052, 0.00042, 0.00254, 0.00241, 0.00283, 0.00000, 0.01494, 6695242
0.00, 2500, 24, 67, 100000, 0, 0.00000, 0.00630, 0.00051, 0.00048, 0.00275, 0.00160, 0.00280, 0.00000, 0.01444, 6925128
0.00, 2500, 24, 68, 100000, 0, 0.00000, 0.00599, 0.00047, 0.00050, 0.00250, 0.00240, 0.00324, 0.00000, 0.01510, 6621272
0.00, 2500, 24, 69, 100000, 0, 0.00000, 0.00620, 0.00051, 0.00033, 0.00262, 0.00156, 0.00308, 0.00000, 0.01430, 6992280
0.00, 2500, 24, 70, 100000, 0, 0.00000, 0.00659, 0.00051, 0.00042, 0.00274, 0.00159, 0.00315, 0.00000, 0.01500, 6666946
0.00, 2500, 24, 71, 100000, 0, 0.00000, 0.00608, 0.00052, 0.00048, 0.00265, 0.00152, 0.00327, 0.00000, 0.01453, 6881993
0.00, 2500, 24, 72, 100000, 0, 0.00000, 0.00645, 0.00052, 0.00040, 0.00260, 0.00158, 0.00283, 0.00000, 0.01438, 6954309
0.00, 2500, 24, 73, 100000, 0, 0.00000, 0.00643, 0.00051, 0.00032, 0.00269, 0.00241, 0.00286, 0.00000, 0.01523, 6565072
0.00, 2500, 24, 74, 100000, 0, 0.00000, 0.00630, 0.00052, 0.00042, 0.00288, 0.00172, 0.00316, 0.00000, 0.01500, 6668782
0.00, 2500, 24, 75, 100000, 0, 0.00000, 0.00598, 0.00053, 0.00051, 0.00255, 0.00242, 0.00285, 0.00000, 0.01485, 6736140
0.00, 2500, 24, 76, 100000, 0, 0.00000, 0.00604, 0.00047, 0.00032, 0.00270, 0.00153, 0.00284, 0.00000, 0.01389, 7198452
0.00, 2500, 24, 77, 100000, 0, 0.00000, 0.00591, 0.00046, 0.00044, 0.00254, 0.00162, 0.00292, 0.00000, 0.01389, 7200232
0.00, 2500, 24, 78, 100000, 0, 0.00000, 0.00692, 0.00051, 0.00035, 0.00251, 0.00155, 0.00252, 0.00000, 0.01435, 6967803
0.00, 2500, 24, 79, 100000, 0, 0.00000, 0.00564, 0.00032, 0.00026, 0.00213, 0.00152, 0.00302, 0.00000, 0.01290, 7752938
0.00, 2500, 24, 80, 100000, 0, 0.00000, 0.00648, 0.00050, 0.00042, 0.00270, 0.00161, 0.00293, 0.00000, 0.01463, 6835757
0.00, 2500, 24, 81, 100000, 0, 0.00000, 0.00644, 0.00051, 0.00033, 0.00264, 0.00208, 0.00297, 0.00000, 0.01498, 6676651
0.00, 2500, 24, 82, 100000, 0, 0.00000, 0.00663, 0.00051, 0.00035, 0.00258, 0.00158, 0.00314, 0.00000, 0.01477, 6769158
0.00, 2500, 24, 83, 100000, 0, 0.00000, 0.00653, 0.00052, 0.00040, 0.00250, 0.00239, 0.00292, 0.00000, 0.01526, 6552232
0.00, 2500, 24, 84, 100000, 0, 0.00000, 0.00649, 0.00053, 0.00035, 0.00272, 0.00174, 0.00303, 0.00000, 0.01486, 6730814
0.00, 2500, 24, 85, 100000, 0, 0.00000, 0.00635, 0.00047, 0.00040, 0.00230, 0.00238, 0.00297, 0.00000, 0.01487, 6725424
0.00, 2500, 24, 86, 100000, 0, 0.00000, 0.00648, 0.00051, 0.00035, 0.00260, 0.00220, 0.00281, 0.00000, 0.01495, 6689583
0.00, 2500, 24, 87, 100000, 0, 0.00000, 0.00645, 0.00052, 0.00042, 0.00253, 0.00254, 0.00295, 0.00000, 0.01541, 6490978
0.00, 2500, 24, 88, 100000, 0, 0.00000, 0.00658, 0.00051, 0.00034, 0.00256, 0.00157, 0.00297, 0.00000, 0.01454, 6879546
0.00, 2500, 24, 89, 100000, 0, 0.00000, 0.00625, 0.00052, 0.00035, 0.00251, 0.00157, 0.00277, 0.00000, 0.01397, 7157814
0.00, 2500, 24, 90, 100000, 0, 0.00000, 0.00629, 0.00051, 0.00042, 0.00259, 0.00235, 0.00289, 0.00000, 0.01504, 6650330
0.00, 2500, 24, 91, 100000, 0, 0.00000, 0.00602, 0.00047, 0.00038, 0.00241, 0.00236, 0.00287, 0.00000, 0.01451, 6890038
0.00, 2500, 24, 92, 100000, 0, 0.00000, 0.00638, 0.00051, 0.00034, 0.00277, 0.00172, 0.00272, 0.00000, 0.01445, 6921522
0.00, 2500, 24, 93, 100000, 0, 0.00000, 0.00649, 0.00052, 0.00042, 0.00235, 0.00238, 0.00297, 0.00000, 0.01513, 6609064
0.00, 2500, 24, 94, 100000, 0, 0.00000, 0.00602, 0.00042, 0.00029, 0.00231, 0.00235, 0.00311, 0.00000, 0.01450, 6895216
0.00, 2500, 24, 95, 100000, 0, 0.00000, 0.00619, 0.00051, 0.00040, 0.00235, 0.00235, 0.00259, 0.00000, 0.01440, 6946076
0.00, 2500, 24, 96, 100000, 0, 0.00000, 0.00620, 0.00052, 0.00042, 0.00226, 0.00159, 0.00265, 0.00000, 0.01364, 7332302
0.00, 2500, 24, 97, 100000, 0, 0.00000, 0.00589, 0.00040, 0.00033, 0.00233, 0.00164, 0.00260, 0.00000, 0.01318, 7584744
0.00, 2500, 24, 98, 100000, 0, 0.00000, 0.00613, 0.00066, 0.00040, 0.00255, 0.00237, 0.00312, 0.00000, 0.01523, 6564404
0.00, 2500, 24, 99, 100000, 0, 0.00000, 0.00649, 0.00051, 0.00051, 0.00247, 0.00158, 0.00377, 0.00000, 0.01533, 6522592
0.00, 2500, 24, 100, 100000, 0, 0.00000, 0.00757, 0.00047, 0.00039, 0.00269, 0.00155, 0.00261, 0.00000, 0.01528, 6544648
0.00, 2500, 24, total, 10000000,, 0.00000, 0.91888, 0.04821, 0.03792, 0.25732, 0.19988, 0.51142, 0.00001, 1.97363, 5066793.50000
