binary: ./build/release/dpu/dpu_program_UPMEM
zipfian_const, NR_DPUS, NR_TASKLETS, batch_num, num_keys, max_query_num, preprocess_time1, preprocess_time2, migration_plan_time, migration_time, send_time, execution_time, receive_result_time, merge_time, batch_time, throughput
0.00, 2500, 24, 1, 100000, 0, 0.03758, 0.98849, 0.00021, 0.00017, 0.00339, 0.00158, 0.22651, 0.00000, 1.25792, 79496
0.00, 2500, 24, 2, 100000, 0, 0.03839, 0.02357, 0.00020, 0.00017, 0.00269, 0.00345, 0.00304, 0.00000, 0.07151, 1398400
0.00, 2500, 24, 3, 100000, 0, 0.03573, 0.02371, 0.00020, 0.00014, 0.00203, 0.00235, 0.00208, 0.00000, 0.06623, 1509904
0.00, 2500, 24, 4, 100000, 0, 0.02345, 0.02367, 0.00020, 0.00017, 0.00323, 0.00233, 0.00265, 0.00000, 0.05569, 1795741
0.00, 2500, 24, 5, 100000, 0, 0.03501, 0.02399, 0.00020, 0.00018, 0.00198, 0.00160, 0.00218, 0.00000, 0.06514, 1535177
0.00, 2500, 24, 6, 100000, 0, 0.02363, 0.02392, 0.00020, 0.00016, 0.00193, 0.00154, 0.00282, 0.00000, 0.05420, 1844967
0.00, 2500, 24, 7, 100000, 0, 0.03486, 0.02341, 0.00020, 0.00019, 0.00260, 0.00155, 0.00310, 0.00000, 0.06591, 1517126
0.00, 2500, 24, 8, 100000, 0, 0.03707, 0.02341, 0.00020, 0.00019, 0.00191, 0.00159, 0.00274, 0.00000, 0.06710, 1490255
0.00, 2500, 24, 9, 100000, 0, 0.03473, 0.02354, 0.00020, 0.00016, 0.00193, 0.00256, 0.00222, 0.00000, 0.06536, 1530020
0.00, 2500, 24, 10, 100000, 0, 0.02330, 0.02354, 0.00020, 0.00019, 0.00198, 0.00153, 0.00270, 0.00000, 0.05344, 1871285
0.00, 2500, 24, 11, 100000, 0, 0.03527, 0.02337, 0.00020, 0.00017, 0.00195, 0.00154, 0.00227, 0.00000, 0.06476, 1544247
0.00, 2500, 24, 12, 100000, 0, 0.02316, 0.02338, 0.00020, 0.00014, 0.00247, 0.00155, 0.00289, 0.00000, 0.05379, 1859238
0.00, 2500, 24, 13, 100000, 0, 0.03563, 0.02400, 0.00020, 0.00017, 0.00197, 0.00257, 0.00221, 0.00000, 0.06673, 1498478
0.00, 2500, 24, 14, 100000, 0, 0.02378, 0.02400, 0.00020, 0.00019, 0.00196, 0.00149, 0.00217, 0.00000, 0.05379, 1859155
0.00, 2500, 24, 15, 100000, 0, 0.02377, 0.02400, 0.00020, 0.00014, 0.00199, 0.00207, 0.00214, 0.00000, 0.05431, 1841185
0.00, 2500, 24, 16, 100000, 0, 0.03752, 0.02376, 0.00020, 0.00017, 0.00201, 0.00164, 0.00313, 0.00000, 0.06842, 1461466
0.00, 2500, 24, 17, 100000, 0, 0.03678, 0.02399, 0.00020, 0.00019, 0.00218, 0.00239, 0.00269, 0.00000, 0.06841, 1461680
0.00, 2500, 24, 18, 100000, 0, 0.03748, 0.02373, 0.00020, 0.00016, 0.00264, 0.00155, 0.00309, 0.00000, 0.06886, 1452323
0.00, 2500, 24, 19, 100000, 0, 0.03589, 0.02332, 0.00020, 0.00014, 0.00193, 0.00236, 0.00230, 0.00000, 0.06613, 1512078
0.00, 2500, 24, 20, 100000, 0, 0.02295, 0.02332, 0.00020, 0.00016, 0.00261, 0.00162, 0.00287, 0.00000, 0.05374, 1860778
0.00, 2500, 24, 21, 100000, 0, 0.03551, 0.02401, 0.00020, 0.00016, 0.00287, 0.00237, 0.00288, 0.00000, 0.06800, 1470656
0.00, 2500, 24, 22, 100000, 0, 0.03701, 0.02510, 0.00020, 0.00019, 0.00244, 0.00262, 0.00311, 0.00000, 0.07068, 1414818
0.00, 2500, 24, 23, 100000, 0, 0.03589, 0.02782, 0.00020, 0.00016, 0.00246, 0.00158, 0.00314, 0.00000, 0.07124, 1403655
0.00, 2500, 24, 24, 100000, 0, 0.03640, 0.02341, 0.00020, 0.00017, 0.00230, 0.00152, 0.00235, 0.00000, 0.06633, 1507581
0.00, 2500, 24, 25, 100000, 0, 0.02287, 0.02327, 0.00020, 0.00017, 0.00224, 0.00153, 0.00229, 0.00000, 0.05257, 1902252
0.00, 2500, 24, 26, 100000, 0, 0.02294, 0.02329, 0.00020, 0.00017, 0.00190, 0.00250, 0.00292, 0.00000, 0.05392, 1854495
0.00, 2500, 24, 27, 100000, 0, 0.03614, 0.02367, 0.00020, 0.00019, 0.00202, 0.00237, 0.00218, 0.00000, 0.06677, 1497703
0.00, 2500, 24, 28, 100000, 0, 0.02332, 0.02367, 0.00020, 0.00016, 0.00268, 0.00242, 0.00284, 0.00000, 0.05529, 1808713
0.00, 2500, 24, 29, 100000, 0, 0.03664, 0.02414, 0.00020, 0.00014, 0.00227, 0.00260, 0.00295, 0.00000, 0.06893, 1450740
0.00, 2500, 24, 30, 100000, 0, 0.03658, 0.02356, 0.00020, 0.00019, 0.00250, 0.00232, 0.00272, 0.00000, 0.06807, 1469003
0.00, 2500, 24, 31, 100000, 0, 0.03662, 0.02352, 0.00020, 0.00019, 0.00196, 0.00225, 0.00229, 0.00000, 0.06703, 1491946
0.00, 2500, 24, 32, 100000, 0, 0.03714, 0.02379, 0.00022, 0.00017, 0.00187, 0.00152, 0.00263, 0.00000, 0.06734, 1485076
0.00, 2500, 24, 33, 100000, 0, 0.03505, 0.02351, 0.00020, 0.00016, 0.00202, 0.00262, 0.00292, 0.00000, 0.06648, 1504128
0.00, 2500, 24, 34, 100000, 0, 0.03692, 0.02329, 0.00020, 0.00016, 0.00198, 0.00258, 0.00232, 0.00000, 0.06745, 1482608
0.00, 2500, 24, 35, 100000, 0, 0.03865, 0.02380, 0.00020, 0.00014, 0.00181, 0.00250, 0.00260, 0.00000, 0.06970, 1434706
0.00, 2500, 24, 36, 100000, 0, 0.02340, 0.02380, 0.00020, 0.00017, 0.00261, 0.00154, 0.00306, 0.00000, 0.05478, 1825587
0.00, 2500, 24, 37, 100000, 0, 0.03563, 0.02360, 0.00020, 0.00016, 0.00212, 0.00237, 0.00240, 0.00000, 0.06649, 1504058
0.00, 2500, 24, 38, 100000, 0, 0.03802, 0.02385, 0.00020, 0.00017, 0.00203, 0.00153, 0.00254, 0.00000, 0.06834, 1463311
0.00, 2500, 24, 39, 100000, 0, 0.02381, 0.02415, 0.00020, 0.00017, 0.00196, 0.00261, 0.00296, 0.00000, 0.05586, 1790174
0.00, 2500, 24, 40, 100000, 0, 0.03510, 0.02378, 0.00020, 0.00014, 0.00213, 0.00256, 0.00274, 0.00000, 0.06664, 1500639
0.00, 2500, 24, 41, 100000, 0, 0.03686, 0.02355, 0.00020, 0.00019, 0.00233, 0.00215, 0.00289, 0.00000, 0.06817, 1466934
0.00, 2500, 24, 42, 100000, 0, 0.03844, 0.02378, 0.00020, 0.00014, 0.00225, 0.00155, 0.00302, 0.00000, 0.06939, 1441217
0.00, 2500, 24, 43, 100000, 0, 0.03747, 0.02371, 0.00020, 0.00017, 0.00258, 0.00149, 0.00298, 0.00000, 0.06860, 1457751
0.00, 2500, 24, 44, 100000, 0, 0.03526, 0.02378, 0.00020, 0.00017, 0.00195, 0.00158, 0.00329, 0.00000, 0.06623, 1509897
0.00, 2500, 24, 45, 100000, 0, 0.03527, 0.02371, 0.00020, 0.00016, 0.00194, 0.00233, 0.00229, 0.00000, 0.06591, 1517177
0.00, 2500, 24, 46, 100000, 0, 0.02346, 0.02378, 0.00020, 0.00017, 0.00254, 0.00152, 0.00280, 0.00000, 0.05446, 1836177
0.00, 2500, 24, 47, 100000, 0, 0.03544, 0.02387, 0.00020, 0.00014, 0.00247, 0.00238, 0.00299, 0.00000, 0.06750, 1481584
0.00, 2500, 24, 48, 100000, 0, 0.03669, 0.02376, 0.00020, 0.00017, 0.00207, 0.00230, 0.00300, 0.00000, 0.06819, 1466561
0.00, 2500, 24, 49, 100000, 0, 0.03733, 0.02338, 0.00020, 0.00017, 0.00200, 0.00153, 0.00284, 0.00000, 0.06745, 1482550
0.00, 2500, 24, 50, 100000, 0, 0.03775, 0.02368, 0.00020, 0.00014, 0.00190, 0.00151, 0.00237, 0.00000, 0.06755, 1480370
0.00, 2500, 24, total, 5000000,, 1.65359, 2.15412, 0.00999, 0.00827, 0.11161, 0.10111, 0.35811, 0.00001, 4.39679, 1137192.62500
