binary: ./build/release/dpu/dpu_program_UPMEM
zipfian_const, NR_DPUS, NR_TASKLETS, batch_num, num_keys, max_query_num, preprocess_time1, preprocess_time2, migration_plan_time, migration_time, send_time, execution_time, receive_result_time, merge_time, batch_time, throughput
0.00, 2500, 24, 1, 100000, 0, 0.03865, 0.99362, 0.00021, 0.00014, 0.00339, 0.00247, 0.00474, 0.00000, 1.04321, 95858
0.00, 2500, 24, 2, 100000, 0, 0.03675, 0.02472, 0.00020, 0.00017, 0.00226, 0.00212, 0.00329, 0.00000, 0.06950, 1438827
0.00, 2500, 24, 3, 100000, 0, 0.03533, 0.02501, 0.00020, 0.00014, 0.00196, 0.00253, 0.00338, 0.00000, 0.06855, 1458866
0.00, 2500, 24, 4, 100000, 0, 0.03500, 0.02438, 0.00020, 0.00014, 0.00188, 0.00234, 0.00288, 0.00000, 0.06681, 1496775
0.00, 2500, 24, 5, 100000, 0, 0.02341, 0.02436, 0.00020, 0.00016, 0.00211, 0.00228, 0.00328, 0.00000, 0.05580, 1792134
0.00, 2500, 24, 6, 100000, 0, 0.03621, 0.02474, 0.00020, 0.00017, 0.00196, 0.00228, 0.00285, 0.00000, 0.06841, 1461771
0.00, 2500, 24, 7, 100000, 0, 0.02441, 0.02475, 0.00020, 0.00017, 0.00206, 0.00237, 0.00277, 0.00000, 0.05671, 1763212
0.00, 2500, 24, 8, 100000, 0, 0.02369, 0.02475, 0.00020, 0.00017, 0.00201, 0.00243, 0.00288, 0.00000, 0.05613, 1781489
0.00, 2500, 24, 9, 100000, 0, 0.02369, 0.02471, 0.00020, 0.00020, 0.00200, 0.00235, 0.00285, 0.00000, 0.05599, 1785902
0.00, 2500, 24, 10, 100000, 0, 0.02364, 0.02473, 0.00020, 0.00017, 0.00193, 0.00215, 0.00284, 0.00000, 0.05566, 1796656
0.00, 2500, 24, 11, 100000, 0, 0.02369, 0.02471, 0.00020, 0.00019, 0.00223, 0.00240, 0.00334, 0.00000, 0.05677, 1761637
0.00, 2500, 24, 12, 100000, 0, 0.03596, 0.02461, 0.00020, 0.00016, 0.00234, 0.00240, 0.00358, 0.00000, 0.06925, 1444144
0.00, 2500, 24, 13, 100000, 0, 0.03463, 0.02434, 0.00020, 0.00014, 0.00185, 0.00227, 0.00285, 0.00000, 0.06629, 1508465
0.00, 2500, 24, 14, 100000, 0, 0.02337, 0.02437, 0.00020, 0.00016, 0.00209, 0.00366, 0.00342, 0.00000, 0.05727, 1746025
0.00, 2500, 24, 15, 100000, 0, 0.03760, 0.02419, 0.00020, 0.00017, 0.00183, 0.00275, 0.00291, 0.00000, 0.06965, 1435790
0.00, 2500, 24, 16, 100000, 0, 0.02320, 0.02418, 0.00020, 0.00017, 0.00177, 0.00218, 0.00329, 0.00000, 0.05499, 1818505
0.00, 2500, 24, 17, 100000, 0, 0.03543, 0.02476, 0.00020, 0.00019, 0.00243, 0.00233, 0.00298, 0.00000, 0.06832, 1463696
0.00, 2500, 24, 18, 100000, 0, 0.02634, 0.02481, 0.00020, 0.00014, 0.00259, 0.00262, 0.00349, 0.00000, 0.06020, 1661151
0.00, 2500, 24, 19, 100000, 0, 0.03605, 0.02450, 0.00020, 0.00014, 0.00241, 0.00381, 0.00324, 0.00000, 0.07036, 1421326
0.00, 2500, 24, 20, 100000, 0, 0.03580, 0.02462, 0.00020, 0.00016, 0.00242, 0.00338, 0.00337, 0.00000, 0.06995, 1429569
0.00, 2500, 24, 21, 100000, 0, 0.03587, 0.02453, 0.00020, 0.00016, 0.00273, 0.00239, 0.00366, 0.00000, 0.06955, 1437916
0.00, 2500, 24, 22, 100000, 0, 0.03877, 0.02440, 0.00020, 0.00014, 0.00253, 0.00226, 0.00336, 0.00000, 0.07165, 1395586
0.00, 2500, 24, 23, 100000, 0, 0.03617, 0.02414, 0.00020, 0.00017, 0.00200, 0.00231, 0.00348, 0.00000, 0.06846, 1460727
0.00, 2500, 24, 24, 100000, 0, 0.03684, 0.02424, 0.00020, 0.00019, 0.00193, 0.00252, 0.00299, 0.00000, 0.06890, 1451316
0.00, 2500, 24, 25, 100000, 0, 0.02369, 0.02426, 0.00020, 0.00016, 0.00205, 0.00244, 0.00326, 0.00000, 0.05607, 1783554
0.00, 2500, 24, 26, 100000, 0, 0.02411, 0.02442, 0.00020, 0.00016, 0.00198, 0.00259, 0.00372, 0.00000, 0.05717, 1749133
0.00, 2500, 24, 27, 100000, 0, 0.03555, 0.02443, 0.00020, 0.00016, 0.00245, 0.00343, 0.00330, 0.00000, 0.06953, 1438280
0.00, 2500, 24, 28, 100000, 0, 0.03539, 0.03420, 0.00020, 0.00016, 0.00255, 0.00257, 0.00340, 0.00000, 0.07847, 1274397
0.00, 2500, 24, 29, 100000, 0, 0.03612, 0.02427, 0.00020, 0.00017, 0.00194, 0.00242, 0.00348, 0.00000, 0.06859, 1457936
0.00, 2500, 24, 30, 100000, 0, 0.03670, 0.07575, 0.00020, 0.00017, 0.00254, 0.00377, 0.00341, 0.00000, 0.12253, 816144
0.00, 2500, 24, 31, 100000, 0, 0.03590, 0.07648, 0.00020, 0.00017, 0.00274, 0.00232, 0.00336, 0.00000, 0.12117, 825282
0.00, 2500, 24, 32, 100000, 0, 0.03447, 0.13009, 0.00020, 0.00017, 0.00236, 0.00275, 0.00348, 0.00000, 0.17351, 576332
0.00, 2500, 24, 33, 100000, 0, 0.03437, 0.07799, 0.00020, 0.00017, 0.00238, 0.00394, 0.00300, 0.00000, 0.12205, 819319
0.00, 2500, 24, 34, 100000, 0, 0.02342, 0.07669, 0.00020, 0.00017, 0.00210, 0.00399, 0.00300, 0.00000, 0.10957, 912624
0.00, 2500, 24, 35, 100000, 0, 0.02403, 0.07523, 0.00020, 0.00017, 0.00271, 0.00449, 0.00329, 0.00000, 0.11011, 908207
0.00, 2500, 24, 36, 100000, 0, 0.03879, 0.07702, 0.00020, 0.00014, 0.00260, 0.00398, 0.00342, 0.00000, 0.12616, 792652
0.00, 2500, 24, 37, 100000, 0, 0.03480, 0.07869, 0.00022, 0.00014, 0.00213, 0.00262, 0.00297, 0.00000, 0.12157, 822561
0.00, 2500, 24, 38, 100000, 0, 0.02326, 0.07856, 0.00020, 0.00017, 0.00212, 0.00250, 0.00342, 0.00000, 0.11023, 907234
0.00, 2500, 24, 39, 100000, 0, 0.03365, 0.07846, 0.00021, 0.00017, 0.00218, 0.00387, 0.00295, 0.00000, 0.12149, 823087
0.00, 2500, 24, 40, 100000, 0, 0.02330, 0.07846, 0.00020, 0.00014, 0.00203, 0.00253, 0.00343, 0.00000, 0.11010, 908250
0.00, 2500, 24, 41, 100000, 0, 0.03463, 0.08372, 0.00020, 0.00017, 0.00237, 0.00237, 0.00329, 0.00000, 0.12675, 788936
0.00, 2500, 24, 42, 100000, 0, 0.02363, 0.08438, 0.00020, 0.00016, 0.00209, 0.00245, 0.00350, 0.00000, 0.11641, 859008
0.00, 2500, 24, 43, 100000, 0, 0.03573, 0.14188, 0.00020, 0.00014, 0.00261, 0.00362, 0.00343, 0.00000, 0.18761, 533022
0.00, 2500, 24, 44, 100000, 0, 0.03797, 0.08355, 0.00020, 0.00017, 0.00238, 0.00410, 0.00341, 0.00000, 0.13178, 758823
0.00, 2500, 24, 45, 100000, 0, 0.03752, 0.08522, 0.00020, 0.00016, 0.00211, 0.00266, 0.00342, 0.00000, 0.13131, 761578
0.00, 2500, 24, 46, 100000, 0, 0.03646, 0.13908, 0.00020, 0.00014, 0.00214, 0.00266, 0.00312, 0.00000, 0.18379, 544095
0.00, 2500, 24, 47, 100000, 0, 0.02502, 0.08341, 0.00020, 0.00016, 0.00255, 0.00244, 0.00340, 0.00000, 0.11719, 853289
0.00, 2500, 24, 48, 100000, 0, 0.03662, 0.08463, 0.00020, 0.00017, 0.00210, 0.00246, 0.00305, 0.00000, 0.12922, 773882
0.00, 2500, 24, 49, 100000, 0, 0.02443, 0.08457, 0.00020, 0.00017, 0.00220, 0.00382, 0.00323, 0.00000, 0.11862, 843024
0.00, 2500, 24, 50, 100000, 0, 0.02434, 0.08349, 0.00020, 0.00016, 0.00269, 0.00241, 0.00340, 0.00000, 0.11669, 856938
0.00, 2500, 24, total, 5000000,, 1.57437, 3.54710, 0.01005, 0.00806, 0.11279, 0.13984, 0.16386, 0.00000, 5.55609, 899913.75000
