binary: ./build/release/dpu/dpu_program_UPMEM
zipfian_const, NR_DPUS, NR_TASKLETS, batch_num, num_keys, max_query_num, preprocess_time1, preprocess_time2, migration_plan_time, migration_time, send_time, execution_time, receive_result_time, merge_time, batch_time, throughput
0.00, 2500, 24, 1, 100000, 0, 0.00886, 0.40930, 0.00061, 0.00053, 0.00228, 0.00241, 0.00378, 0.00000, 0.42777, 233770
0.00, 2500, 24, 2, 100000, 0, 0.00350, 0.00637, 0.00029, 0.00025, 0.00220, 0.00379, 0.00323, 0.00000, 0.01963, 5093168
0.00, 2500, 24, 3, 100000, 0, 0.00446, 0.00720, 0.00049, 0.00044, 0.00287, 0.00286, 0.00348, 0.00000, 0.02182, 4583716
0.00, 2500, 24, 4, 100000, 0, 0.00566, 0.00754, 0.00064, 0.00060, 0.00270, 0.00236, 0.00320, 0.00000, 0.02269, 4407225
0.00, 2500, 24, 5, 100000, 0, 0.00507, 0.00703, 0.00050, 0.00044, 0.00225, 0.00394, 0.00324, 0.00000, 0.02247, 4450355
0.00, 2500, 24, 6, 100000, 0, 0.00522, 0.00704, 0.00049, 0.00044, 0.00284, 0.00426, 0.00351, 0.00000, 0.02381, 4200660
0.00, 2500, 24, 7, 100000, 0, 0.00509, 0.00715, 0.00059, 0.00053, 0.00269, 0.00366, 0.00348, 0.00000, 0.02321, 4309156
0.00, 2500, 24, 8, 100000, 0, 0.00715, 0.00718, 0.00052, 0.00050, 0.00259, 0.00376, 0.00351, 0.00000, 0.02522, 3965888
0.00, 2500, 24, 9, 100000, 0, 0.00515, 0.00723, 0.00060, 0.00053, 0.00287, 0.00243, 0.00364, 0.00000, 0.02246, 4452321
0.00, 2500, 24, 10, 100000, 0, 0.00620, 0.00724, 0.00059, 0.00053, 0.00297, 0.00240, 0.00342, 0.00000, 0.02337, 4278536
0.00, 2500, 24, 11, 100000, 0, 0.00523, 0.00713, 0.00059, 0.00053, 0.00239, 0.00250, 0.00374, 0.00000, 0.02213, 4519406
0.00, 2500, 24, 12, 100000, 0, 0.00529, 0.00737, 0.00058, 0.00053, 0.00283, 0.00245, 0.00351, 0.00000, 0.02257, 4430919
0.00, 2500, 24, 13, 100000, 0, 0.00599, 0.00728, 0.00060, 0.00053, 0.00273, 0.00231, 0.00348, 0.00000, 0.02293, 4360304
0.00, 2500, 24, 14, 100000, 0, 0.00504, 0.00708, 0.00059, 0.00055, 0.00246, 0.00243, 0.00337, 0.00000, 0.02153, 4644802
0.00, 2500, 24, 15, 100000, 0, 0.00501, 0.00717, 0.00054, 0.00054, 0.00274, 0.00372, 0.00336, 0.00000, 0.02308, 4333226
0.00, 2500, 24, 16, 100000, 0, 0.00503, 0.00716, 0.00059, 0.00053, 0.00274, 0.00230, 0.00312, 0.00000, 0.02146, 4658854
0.00, 2500, 24, 17, 100000, 0, 0.00501, 0.00673, 0.00042, 0.00039, 0.00276, 0.00246, 0.00335, 0.00000, 0.02113, 4733706
0.00, 2500, 24, 18, 100000, 0, 0.00501, 0.00697, 0.00059, 0.00059, 0.00269, 0.00261, 0.00331, 0.00000, 0.02178, 4592058
0.00, 2500, 24, 19, 100000, 0, 0.00600, 0.00723, 0.00050, 0.00038, 0.00244, 0.00228, 0.00321, 0.00000, 0.02204, 4538128
0.00, 2500, 24, 20, 100000, 0, 0.00517, 0.00753, 0.00060, 0.00053, 0.00240, 0.00240, 0.00344, 0.00000, 0.02208, 4528949
0.00, 2500, 24, 21, 100000, 0, 0.00530, 0.00719, 0.00061, 0.00060, 0.00269, 0.00240, 0.00349, 0.00000, 0.02227, 4489672
0.00, 2500, 24, 22, 100000, 0, 0.00541, 0.00720, 0.00059, 0.00053, 0.00244, 0.00233, 0.00338, 0.00000, 0.02188, 4569346
0.00, 2500, 24, 23, 100000, 0, 0.00597, 0.00713, 0.00062, 0.00051, 0.00271, 0.00234, 0.00357, 0.00000, 0.02285, 4376292
0.00, 2500, 24, 24, 100000, 0, 0.00511, 0.00718, 0.00059, 0.00053, 0.00278, 0.00241, 0.00351, 0.00000, 0.02212, 4520950
0.00, 2500, 24, 25, 100000, 0, 0.00535, 0.00698, 0.00061, 0.00053, 0.00266, 0.00249, 0.00342, 0.00000, 0.02204, 4537008
0.00, 2500, 24, 26, 100000, 0, 0.00502, 0.00692, 0.00058, 0.00053, 0.00268, 0.00259, 0.00333, 0.00000, 0.02165, 4618106
0.00, 2500, 24, 27, 100000, 0, 0.00503, 0.00702, 0.00060, 0.00053, 0.00292, 0.00386, 0.00346, 0.00000, 0.02342, 4270318
0.00, 2500, 24, 28, 100000, 0, 0.00502, 0.00714, 0.00059, 0.00053, 0.00263, 0.00257, 0.00342, 0.00000, 0.02190, 4565952
0.00, 2500, 24, 29, 100000, 0, 0.00500, 0.00707, 0.00058, 0.00061, 0.00237, 0.00240, 0.00314, 0.00000, 0.02118, 4722237
0.00, 2500, 24, 30, 100000, 0, 0.00485, 0.00649, 0.00037, 0.00033, 0.00262, 0.00247, 0.00319, 0.00000, 0.02033, 4919369
0.00, 2500, 24, 31, 100000, 0, 0.00493, 0.00685, 0.00050, 0.00044, 0.00292, 0.00385, 0.00327, 0.00000, 0.02277, 4392306
0.00, 2500, 24, 32, 100000, 0, 0.00516, 0.00650, 0.00059, 0.00059, 0.00258, 0.00244, 0.00338, 0.00000, 0.02125, 4706770
0.00, 2500, 24, 33, 100000, 0, 0.00498, 0.00683, 0.00061, 0.00053, 0.00253, 0.00393, 0.00311, 0.00000, 0.02252, 4441266
0.00, 2500, 24, 34, 100000, 0, 0.00492, 0.00670, 0.00050, 0.00050, 0.00508, 0.00264, 0.00331, 0.00000, 0.02365, 4228934
0.00, 2500, 24, 35, 100000, 0, 0.00502, 0.00706, 0.00059, 0.00067, 0.00218, 0.00249, 0.00322, 0.00000, 0.02124, 4709168
0.00, 2500, 24, 36, 100000, 0, 0.00498, 0.00719, 0.00054, 0.00054, 0.00276, 0.00385, 0.00337, 0.00000, 0.02324, 4303712
0.00, 2500, 24, 37, 100000, 0, 0.00501, 0.00710, 0.00060, 0.00053, 0.00229, 0.00262, 0.00301, 0.00000, 0.02116, 4726178
0.00, 2500, 24, 38, 100000, 0, 0.00529, 0.00718, 0.00051, 0.00049, 0.00274, 0.00252, 0.00376, 0.00000, 0.02249, 4446166
0.00, 2500, 24, 39, 100000, 0, 0.00513, 0.00719, 0.00059, 0.00053, 0.00225, 0.00245, 0.00332, 0.00000, 0.02148, 4656332
0.00, 2500, 24, 40, 100000, 0, 0.00584, 0.00709, 0.00051, 0.00041, 0.00295, 0.00261, 0.00339, 0.00000, 0.02281, 4384447
0.00, 2500, 24, 41, 100000, 0, 0.00586, 0.00726, 0.00060, 0.00053, 0.00274, 0.00240, 0.00341, 0.00000, 0.02281, 4384148
0.00, 2500, 24, 42, 100000, 0, 0.00530, 0.00724, 0.00060, 0.00053, 0.00273, 0.00249, 0.00358, 0.00000, 0.02248, 4447813
0.00, 2500, 24, 43, 100000, 0, 0.00514, 0.00713, 0.00059, 0.00055, 0.00231, 0.00234, 0.00347, 0.00000, 0.02154, 4642754
0.00, 2500, 24, 44, 100000, 0, 0.00585, 0.00727, 0.00059, 0.00053, 0.00286, 0.00242, 0.00346, 0.00000, 0.02299, 4349842
0.00, 2500, 24, 45, 100000, 0, 0.00504, 0.00806, 0.00059, 0.00053, 0.00280, 0.00266, 0.00361, 0.00000, 0.02330, 4290986
0.00, 2500, 24, 46, 100000, 0, 0.00504, 0.00710, 0.00059, 0.00053, 0.00236, 0.00365, 0.00336, 0.00000, 0.02264, 4417494
0.00, 2500, 24, 47, 100000, 0, 0.00503, 0.00711, 0.00059, 0.00053, 0.00234, 0.00245, 0.00315, 0.00000, 0.02122, 4713404
0.00, 2500, 24, 48, 100000, 0, 0.00493, 0.00703, 0.00049, 0.00050, 0.00280, 0.00245, 0.00346, 0.00000, 0.02168, 4613572
0.00, 2500, 24, 49, 100000, 0, 0.00853, 0.00730, 0.00059, 0.00053, 0.00256, 0.00247, 0.00342, 0.00000, 0.02541, 3935095
0.00, 2500, 24, 50, 100000, 0, 0.00503, 0.00711, 0.00059, 0.00055, 0.00247, 0.00245, 0.00323, 0.00000, 0.02143, 4665721
0.00, 2500, 24, total, 5000000,, 0.26827, 0.75756, 0.02805, 0.02575, 0.13322, 0.13843, 0.16959, 0.00001, 1.52089, 3287559.25000