binary: ./build/release/dpu/dpu_program_UPMEM
zipfian_const, NR_DPUS, NR_TASKLETS, batch_num, num_keys, max_query_num, preprocess_time1, preprocess_time2, migration_plan_time, migration_time, send_time, execution_time, receive_result_time, merge_time, batch_time, throughput
0.00, 2500, 24, 1, 100000, 0, 0.00535, 0.30063, 0.00021, 0.00018, 0.00206, 0.00145, 0.24067, 0.00000, 0.55054, 181639
0.00, 2500, 24, 2, 100000, 0, 0.00535, 0.00668, 0.00050, 0.00050, 0.00279, 0.00158, 0.00285, 0.00000, 0.02024, 4941225
0.00, 2500, 24, 3, 100000, 0, 0.00494, 0.00684, 0.00058, 0.00053, 0.00254, 0.00235, 0.00256, 0.00000, 0.02034, 4917174
0.00, 2500, 24, 4, 100000, 0, 0.00507, 0.00674, 0.00059, 0.00053, 0.00230, 0.00156, 0.00285, 0.00000, 0.01965, 5090008
0.00, 2500, 24, 5, 100000, 0, 0.00519, 0.00666, 0.00059, 0.00053, 0.00211, 0.00228, 0.00261, 0.00000, 0.01997, 5007439
0.00, 2500, 24, 6, 100000, 0, 0.00492, 0.00695, 0.00059, 0.00053, 0.00238, 0.00159, 0.00259, 0.00000, 0.01955, 5116146
0.00, 2500, 24, 7, 100000, 0, 0.00484, 0.00668, 0.00049, 0.00044, 0.00193, 0.00244, 0.00217, 0.00000, 0.01899, 5264857
0.00, 2500, 24, 8, 100000, 0, 0.00486, 0.00663, 0.00046, 0.00041, 0.00229, 0.00257, 0.00267, 0.00000, 0.01989, 5027450
0.00, 2500, 24, 9, 100000, 0, 0.00486, 0.00687, 0.00054, 0.00048, 0.00249, 0.00261, 0.00245, 0.00000, 0.02031, 4924276
0.00, 2500, 24, 10, 100000, 0, 0.00509, 0.00667, 0.00059, 0.00060, 0.00266, 0.00344, 0.00304, 0.00000, 0.02209, 4526596
0.00, 2500, 24, 11, 100000, 0, 0.00820, 0.00685, 0.00059, 0.00053, 0.00270, 0.00243, 0.00285, 0.00000, 0.02416, 4138892
0.00, 2500, 24, 12, 100000, 0, 0.00493, 0.00689, 0.00058, 0.00053, 0.00227, 0.00347, 0.00301, 0.00000, 0.02169, 4610596
0.00, 2500, 24, 13, 100000, 0, 0.00493, 0.00692, 0.00060, 0.00053, 0.00205, 0.00156, 0.00284, 0.00000, 0.01942, 5148840
0.00, 2500, 24, 14, 100000, 0, 0.00495, 0.00674, 0.00060, 0.00053, 0.00269, 0.00152, 0.00281, 0.00000, 0.01984, 5040616
0.00, 2500, 24, 15, 100000, 0, 0.00493, 0.00652, 0.00049, 0.00044, 0.00210, 0.00234, 0.00314, 0.00000, 0.01996, 5009430
0.00, 2500, 24, 16, 100000, 0, 0.00567, 0.00673, 0.00059, 0.00053, 0.00263, 0.00240, 0.00281, 0.00000, 0.02136, 4682536
0.00, 2500, 24, 17, 100000, 0, 0.00542, 0.00671, 0.00059, 0.00060, 0.00224, 0.00248, 0.00320, 0.00000, 0.02124, 4708543
0.00, 2500, 24, 18, 100000, 0, 0.00492, 0.00676, 0.00059, 0.00053, 0.00257, 0.00156, 0.00282, 0.00000, 0.01976, 5060630
0.00, 2500, 24, 19, 100000, 0, 0.00492, 0.00662, 0.00059, 0.00053, 0.00261, 0.00158, 0.00313, 0.00000, 0.01997, 5006464
0.00, 2500, 24, 20, 100000, 0, 0.00540, 0.00679, 0.00060, 0.00053, 0.00249, 0.00244, 0.00295, 0.00000, 0.02119, 4719187
0.00, 2500, 24, 21, 100000, 0, 0.00525, 0.00676, 0.00058, 0.00053, 0.00265, 0.00160, 0.00284, 0.00000, 0.02021, 4948615
0.00, 2500, 24, 22, 100000, 0, 0.00637, 0.00691, 0.00059, 0.00054, 0.00338, 0.00160, 0.00298, 0.00000, 0.02238, 4469054
0.00, 2500, 24, 23, 100000, 0, 0.00500, 0.00703, 0.00059, 0.00053, 0.00227, 0.00155, 0.00270, 0.00000, 0.01967, 5083812
0.00, 2500, 24, 24, 100000, 0, 0.00809, 0.00686, 0.00059, 0.00053, 0.00277, 0.00222, 0.00287, 0.00000, 0.02392, 4179757
0.00, 2500, 24, 25, 100000, 0, 0.00495, 0.00664, 0.00059, 0.00053, 0.00301, 0.00155, 0.00305, 0.00000, 0.02033, 4919486
0.00, 2500, 24, 26, 100000, 0, 0.00500, 0.00701, 0.00058, 0.00053, 0.00251, 0.00155, 0.00293, 0.00000, 0.02012, 4969978
0.00, 2500, 24, 27, 100000, 0, 0.00599, 0.00677, 0.00059, 0.00053, 0.00265, 0.00215, 0.00283, 0.00000, 0.02152, 4647162
0.00, 2500, 24, 28, 100000, 0, 0.00728, 0.00647, 0.00060, 0.00053, 0.00332, 0.00160, 0.00305, 0.00000, 0.02284, 4378168
0.00, 2500, 24, 29, 100000, 0, 0.00494, 0.00666, 0.00058, 0.00053, 0.00259, 0.00166, 0.00274, 0.00000, 0.01971, 5072616
0.00, 2500, 24, 30, 100000, 0, 0.00498, 0.00680, 0.00059, 0.00053, 0.00264, 0.00161, 0.00306, 0.00000, 0.02022, 4946232
0.00, 2500, 24, 31, 100000, 0, 0.00502, 0.00661, 0.00059, 0.00055, 0.00258, 0.00168, 0.00291, 0.00000, 0.01994, 5014367
0.00, 2500, 24, 32, 100000, 0, 0.00498, 0.00668, 0.00060, 0.00053, 0.00279, 0.00245, 0.00307, 0.00000, 0.02111, 4737538
0.00, 2500, 24, 33, 100000, 0, 0.00501, 0.00672, 0.00059, 0.00053, 0.00260, 0.00241, 0.00292, 0.00000, 0.02078, 4812732
0.00, 2500, 24, 34, 100000, 0, 0.00565, 0.00691, 0.00061, 0.00053, 0.00320, 0.00156, 0.00322, 0.00000, 0.02169, 4611278
0.00, 2500, 24, 35, 100000, 0, 0.00498, 0.00655, 0.00059, 0.00053, 0.00221, 0.00185, 0.00311, 0.00000, 0.01983, 5043683
0.00, 2500, 24, 36, 100000, 0, 0.00502, 0.00635, 0.00049, 0.00044, 0.00274, 0.00158, 0.00293, 0.00000, 0.01957, 5109722
0.00, 2500, 24, 37, 100000, 0, 0.00497, 0.00647, 0.00059, 0.00053, 0.00228, 0.00160, 0.00304, 0.00000, 0.01948, 5133838
0.00, 2500, 24, 38, 100000, 0, 0.00487, 0.00662, 0.00054, 0.00048, 0.00283, 0.00157, 0.00313, 0.00000, 0.02005, 4986934
0.00, 2500, 24, 39, 100000, 0, 0.00494, 0.00673, 0.00059, 0.00055, 0.00273, 0.00263, 0.00275, 0.00000, 0.02092, 4778975
0.00, 2500, 24, 40, 100000, 0, 0.00498, 0.00673, 0.00058, 0.00053, 0.00269, 0.00161, 0.00283, 0.00000, 0.01996, 5009278
0.00, 2500, 24, 41, 100000, 0, 0.00502, 0.00678, 0.00060, 0.00053, 0.00251, 0.00237, 0.00305, 0.00000, 0.02086, 4794632
0.00, 2500, 24, 42, 100000, 0, 0.00493, 0.00681, 0.00060, 0.00053, 0.00277, 0.00162, 0.00299, 0.00000, 0.02024, 4939711
0.00, 2500, 24, 43, 100000, 0, 0.00495, 0.00682, 0.00060, 0.00053, 0.00263, 0.00236, 0.00316, 0.00000, 0.02104, 4751758
0.00, 2500, 24, 44, 100000, 0, 0.00841, 0.00693, 0.00059, 0.00053, 0.00255, 0.00243, 0.00308, 0.00000, 0.02452, 4077884
0.00, 2500, 24, 45, 100000, 0, 0.00498, 0.00681, 0.00059, 0.00053, 0.00260, 0.00155, 0.00307, 0.00000, 0.02015, 4963774
0.00, 2500, 24, 46, 100000, 0, 0.00490, 0.00700, 0.00059, 0.00055, 0.00257, 0.00158, 0.00319, 0.00000, 0.02038, 4907812
0.00, 2500, 24, 47, 100000, 0, 0.00538, 0.00699, 0.00059, 0.00053, 0.00232, 0.00157, 0.00296, 0.00000, 0.02035, 4914922
0.00, 2500, 24, 48, 100000, 0, 0.00498, 0.00701, 0.00059, 0.00053, 0.00258, 0.00157, 0.00294, 0.00000, 0.02020, 4949426
0.00, 2500, 24, 49, 100000, 0, 0.00500, 0.00692, 0.00059, 0.00053, 0.00252, 0.00152, 0.00318, 0.00000, 0.02027, 4934139
0.00, 2500, 24, 50, 100000, 0, 0.00598, 0.00656, 0.00060, 0.00060, 0.00267, 0.00166, 0.00267, 0.00000, 0.02075, 4819878
0.00, 2500, 24, total, 5000000,, 0.26754, 0.63179, 0.02860, 0.02599, 0.12806, 0.09790, 0.38327, 0.00001, 1.56316, 3198648.50000
