zipfian_const, NR_DPUS, NR_TASKLETS, batch_num, num_keys, max_query_num, preprocess_time1, preprocess_time2, migration_plan_time, migration_time, send_time, execution_time, receive_result_time, merge_time, batch_time, throughput
0.00, 2500, 24, 1, 100000, 0, 0.00000, 0.28167, 0.00089, 0.00072, 0.00195, 0.00242, 0.23419, 0.00000, 0.52184, 191629
0.00, 2500, 24, 2, 100000, 0, 0.00000, 0.01898, 0.00053, 0.02987, 0.00502, 0.00171, 0.00465, 0.00000, 0.06076, 1645867
0.00, 2500, 24, 3, 100000, 0, 0.00000, 0.01582, 0.00090, 0.05181, 0.00237, 0.00165, 0.00433, 0.00000, 0.07688, 1300772
0.00, 2500, 24, 4, 100000, 0, 0.00000, 0.01660, 0.00064, 0.05265, 0.00285, 0.00167, 0.00547, 0.00000, 0.07987, 1252019
0.00, 2500, 24, 5, 100000, 0, 0.00000, 0.01661, 0.00109, 0.05334, 0.00252, 0.00165, 0.00455, 0.00000, 0.07976, 1253792
0.00, 2500, 24, 6, 100000, 0, 0.00000, 0.01740, 0.00075, 0.06139, 0.00265, 0.00166, 0.00451, 0.00000, 0.08836, 1131720
0.00, 2500, 24, 7, 100000, 0, 0.00000, 0.02222, 0.00078, 0.06282, 0.00236, 0.00153, 0.00435, 0.00000, 0.09405, 1063218
0.00, 2500, 24, 8, 100000, 0, 0.00000, 0.01663, 0.00057, 0.06202, 0.00247, 0.00164, 0.00462, 0.00000, 0.08795, 1137018
0.00, 2500, 24, 9, 100000, 0, 0.00000, 0.01747, 0.00083, 0.06366, 0.00233, 0.00169, 0.00465, 0.00000, 0.09061, 1103575
0.00, 2500, 24, 10, 100000, 0, 0.00000, 0.01698, 0.00077, 0.06093, 0.00263, 0.00161, 0.00470, 0.00000, 0.08761, 1141385
0.00, 2500, 24, 11, 100000, 0, 0.00000, 0.01931, 0.00130, 0.06110, 0.00234, 0.00161, 0.00444, 0.00000, 0.09009, 1109980
0.00, 2500, 24, 12, 100000, 0, 0.00000, 0.01794, 0.00078, 0.06084, 0.00254, 0.00164, 0.00463, 0.00000, 0.08837, 1131653
0.00, 2500, 24, 13, 100000, 0, 0.00000, 0.01512, 0.00091, 0.05721, 0.00222, 0.00161, 0.00416, 0.00000, 0.08123, 1231079
0.00, 2500, 24, 14, 100000, 0, 0.00000, 0.01676, 0.00074, 0.05774, 0.00226, 0.00162, 0.00419, 0.00000, 0.08332, 1200178
0.00, 2500, 24, 15, 100000, 0, 0.00000, 0.01553, 0.00063, 0.05829, 0.00210, 0.00164, 0.00442, 0.00000, 0.08261, 1210512
0.00, 2500, 24, 16, 100000, 0, 0.00000, 0.01884, 0.00103, 0.06122, 0.00261, 0.00166, 0.00435, 0.00000, 0.08971, 1114742
0.00, 2500, 24, 17, 100000, 0, 0.00000, 0.01638, 0.00056, 0.05898, 0.00224, 0.00177, 0.00464, 0.00000, 0.08457, 1182483
0.00, 2500, 24, 18, 100000, 0, 0.00000, 0.01896, 0.00110, 0.06061, 0.00237, 0.00167, 0.00426, 0.00000, 0.08897, 1123968
0.00, 2500, 24, 19, 100000, 0, 0.00000, 0.01828, 0.00063, 0.05730, 0.00232, 0.00162, 0.00428, 0.00000, 0.08442, 1184498
0.00, 2500, 24, 20, 100000, 0, 0.00000, 0.01772, 0.00076, 0.05927, 0.00208, 0.00179, 0.00454, 0.00000, 0.08616, 1160680
0.00, 2500, 24, 21, 100000, 0, 0.00000, 0.01860, 0.00111, 0.06258, 0.00226, 0.00164, 0.00447, 0.00000, 0.09066, 1103026
0.00, 2500, 24, 22, 100000, 0, 0.00000, 0.01927, 0.00082, 0.06129, 0.00228, 0.00164, 0.00440, 0.00000, 0.08970, 1114881
0.00, 2500, 24, 23, 100000, 0, 0.00000, 0.01931, 0.00086, 0.06104, 0.00265, 0.00161, 0.00437, 0.00000, 0.08984, 1113097
0.00, 2500, 24, 24, 100000, 0, 0.00000, 0.01870, 0.00094, 0.06108, 0.00276, 0.00162, 0.00464, 0.00000, 0.08973, 1114405
0.00, 2500, 24, 25, 100000, 0, 0.00000, 0.01820, 0.00081, 0.06387, 0.00214, 0.00156, 0.00497, 0.00000, 0.09155, 1092325
0.00, 2500, 24, 26, 100000, 0, 0.00000, 0.01936, 0.00103, 0.06251, 0.00248, 0.00161, 0.00468, 0.00000, 0.09167, 1090826
0.00, 2500, 24, 27, 100000, 0, 0.00000, 0.01856, 0.00091, 0.06068, 0.00234, 0.00165, 0.00454, 0.00000, 0.08868, 1127660
0.00, 2500, 24, 28, 100000, 0, 0.00000, 0.01863, 0.00073, 0.05963, 0.00248, 0.00163, 0.00495, 0.00000, 0.08806, 1135621
0.00, 2500, 24, 29, 100000, 0, 0.00000, 0.01888, 0.00089, 0.06138, 0.00275, 0.00164, 0.00463, 0.00000, 0.09018, 1108881
0.00, 2500, 24, 30, 100000, 0, 0.00000, 0.01762, 0.00100, 0.06036, 0.00233, 0.00167, 0.00430, 0.00000, 0.08728, 1145708
0.00, 2500, 24, 31, 100000, 0, 0.00000, 0.01877, 0.00078, 0.06119, 0.00259, 0.00166, 0.00429, 0.00000, 0.08927, 1120155
0.00, 2500, 24, 32, 100000, 0, 0.00000, 0.01612, 0.00075, 0.05658, 0.00214, 0.00162, 0.00441, 0.00000, 0.08162, 1225118
0.00, 2500, 24, 33, 100000, 0, 0.00000, 0.01782, 0.00120, 0.06202, 0.00222, 0.00169, 0.00446, 0.00000, 0.08941, 1118388
0.00, 2500, 24, 34, 100000, 0, 0.00000, 0.01929, 0.00079, 0.06134, 0.00249, 0.00164, 0.00435, 0.00000, 0.08990, 1112340
0.00, 2500, 24, 35, 100000, 0, 0.00000, 0.01672, 0.00092, 0.06027, 0.00223, 0.00161, 0.00461, 0.00000, 0.08635, 1158012
0.00, 2500, 24, 36, 100000, 0, 0.00000, 0.01611, 0.00089, 0.05761, 0.00201, 0.00165, 0.00399, 0.00000, 0.08225, 1215740
0.00, 2500, 24, 37, 100000, 0, 0.00000, 0.01889, 0.00055, 0.05866, 0.00262, 0.00167, 0.00464, 0.00000, 0.08703, 1149033
0.00, 2500, 24, 38, 100000, 0, 0.00000, 0.01868, 0.00074, 0.06010, 0.00245, 0.00160, 0.00461, 0.00000, 0.08819, 1133961
0.00, 2500, 24, 39, 100000, 0, 0.00000, 0.01750, 0.00076, 0.06012, 0.00244, 0.00165, 0.00423, 0.00000, 0.08670, 1153353
0.00, 2500, 24, 40, 100000, 0, 0.00000, 0.01759, 0.00091, 0.06151, 0.00246, 0.00158, 0.00461, 0.00000, 0.08866, 1127916
0.00, 2500, 24, 41, 100000, 0, 0.00000, 0.01894, 0.00083, 0.06079, 0.00233, 0.00174, 0.00421, 0.00000, 0.08884, 1125630
0.00, 2500, 24, 42, 100000, 0, 0.00000, 0.01864, 0.00090, 0.06265, 0.00232, 0.00160, 0.00465, 0.00000, 0.09075, 1101904
0.00, 2500, 24, 43, 100000, 0, 0.00000, 0.01987, 0.00089, 0.06119, 0.00281, 0.00160, 0.00453, 0.00000, 0.09088, 1100331
0.00, 2500, 24, 44, 100000, 0, 0.00000, 0.02278, 0.00084, 0.06516, 0.00220, 0.00164, 0.00436, 0.00000, 0.09698, 1031136
0.00, 2500, 24, 45, 100000, 0, 0.00000, 0.01999, 0.00045, 0.06135, 0.00241, 0.00162, 0.00470, 0.00000, 0.09050, 1104944
0.00, 2500, 24, 46, 100000, 0, 0.00000, 0.01866, 0.00110, 0.06184, 0.00245, 0.00171, 0.00425, 0.00000, 0.09002, 1110884
0.00, 2500, 24, 47, 100000, 0, 0.00000, 0.02092, 0.00084, 0.06473, 0.00257, 0.00175, 0.00474, 0.00000, 0.09555, 1046530
0.00, 2500, 24, 48, 100000, 0, 0.00000, 0.01812, 0.00081, 0.06088, 0.00233, 0.00172, 0.00469, 0.00000, 0.08855, 1129291
0.00, 2500, 24, 49, 100000, 0, 0.00000, 0.01859, 0.00090, 0.06296, 0.00272, 0.00164, 0.00430, 0.00000, 0.09111, 1097565
0.00, 2500, 24, 50, 100000, 0, 0.00000, 0.01920, 0.00089, 0.06106, 0.00238, 0.00163, 0.00429, 0.00000, 0.08944, 1118046
0.00, 2500, 24, 51, 100000, 0, 0.00000, 0.01923, 0.00068, 0.06121, 0.00241, 0.00164, 0.00412, 0.00000, 0.08928, 1120014
0.00, 2500, 24, 52, 100000, 0, 0.00000, 0.01719, 0.00072, 0.05804, 0.00211, 0.00163, 0.00408, 0.00000, 0.08378, 1193595
0.00, 2500, 24, 53, 100000, 0, 0.00000, 0.01854, 0.00052, 0.05703, 0.00249, 0.00161, 0.00448, 0.00000, 0.08468, 1180980
0.00, 2500, 24, 54, 100000, 0, 0.00000, 0.01872, 0.00100, 0.06176, 0.00243, 0.00167, 0.00438, 0.00000, 0.08997, 1111524
0.00, 2500, 24, 55, 100000, 0, 0.00000, 0.01656, 0.00061, 0.05736, 0.00250, 0.00172, 0.00465, 0.00000, 0.08341, 1198853
0.00, 2500, 24, 56, 100000, 0, 0.00000, 0.01885, 0.00086, 0.06063, 0.00277, 0.00168, 0.00453, 0.00000, 0.08932, 1119578
0.00, 2500, 24, 57, 100000, 0, 0.00000, 0.01909, 0.00079, 0.06139, 0.00223, 0.00163, 0.00423, 0.00000, 0.08935, 1119231
0.00, 2500, 24, 58, 100000, 0, 0.00000, 0.01935, 0.00079, 0.06035, 0.00272, 0.00165, 0.00486, 0.00000, 0.08973, 1114470
0.00, 2500, 24, 59, 100000, 0, 0.00000, 0.01890, 0.00106, 0.06188, 0.00260, 0.00165, 0.00463, 0.00000, 0.09072, 1102269
0.00, 2500, 24, 60, 100000, 0, 0.00000, 0.01917, 0.00077, 0.06114, 0.00234, 0.00170, 0.00451, 0.00000, 0.08963, 1115741
0.00, 2500, 24, 61, 100000, 0, 0.00000, 0.01904, 0.00081, 0.06114, 0.00276, 0.00166, 0.00456, 0.00000, 0.08998, 1111322
0.00, 2500, 24, 62, 100000, 0, 0.00000, 0.01890, 0.00092, 0.06101, 0.00233, 0.00172, 0.00461, 0.00000, 0.08948, 1117506
0.00, 2500, 24, 63, 100000, 0, 0.00000, 0.01604, 0.00083, 0.06168, 0.00222, 0.00170, 0.00404, 0.00000, 0.08652, 1155758
0.00, 2500, 24, 64, 100000, 0, 0.00000, 0.01411, 0.00058, 0.05622, 0.00268, 0.00161, 0.00434, 0.00000, 0.07956, 1256952
0.00, 2500, 24, 65, 100000, 0, 0.00000, 0.01897, 0.00082, 0.06078, 0.00261, 0.00165, 0.00488, 0.00000, 0.08971, 1114696
0.00, 2500, 24, 66, 100000, 0, 0.00000, 0.01762, 0.00101, 0.06062, 0.00267, 0.00163, 0.00442, 0.00000, 0.08797, 1136813
0.00, 2500, 24, 67, 100000, 0, 0.00000, 0.01832, 0.00094, 0.06106, 0.00234, 0.00161, 0.00431, 0.00000, 0.08859, 1128793
0.00, 2500, 24, 68, 100000, 0, 0.00000, 0.01893, 0.00069, 0.06072, 0.00262, 0.00166, 0.00468, 0.00000, 0.08931, 1119648
0.00, 2500, 24, 69, 100000, 0, 0.00000, 0.01869, 0.00098, 0.06160, 0.00231, 0.00174, 0.00467, 0.00000, 0.08999, 1111265
0.00, 2500, 24, 70, 100000, 0, 0.00000, 0.01811, 0.00083, 0.06204, 0.00274, 0.00160, 0.00437, 0.00000, 0.08968, 1115040
0.00, 2500, 24, 71, 100000, 0, 0.00000, 0.01863, 0.00078, 0.06018, 0.00276, 0.00166, 0.00476, 0.00000, 0.08877, 1126489
0.00, 2500, 24, 72, 100000, 0, 0.00000, 0.01848, 0.00061, 0.06042, 0.00232, 0.00165, 0.00425, 0.00000, 0.08773, 1139816
0.00, 2500, 24, 73, 100000, 0, 0.00000, 0.01867, 0.00076, 0.05725, 0.00242, 0.00160, 0.00472, 0.00000, 0.08543, 1170537
0.00, 2500, 24, 74, 100000, 0, 0.00000, 0.01902, 0.00102, 0.06345, 0.00259, 0.00177, 0.00467, 0.00000, 0.09253, 1080787
0.00, 2500, 24, 75, 100000, 0, 0.00000, 0.01801, 0.00085, 0.05948, 0.00210, 0.00163, 0.00391, 0.00000, 0.08598, 1163007
0.00, 2500, 24, 76, 100000, 0, 0.00000, 0.01671, 0.00051, 0.05596, 0.00200, 0.00164, 0.00475, 0.00000, 0.08157, 1225896
0.00, 2500, 24, 77, 100000, 0, 0.00000, 0.01686, 0.00139, 0.06188, 0.00252, 0.00163, 0.00425, 0.00000, 0.08852, 1129730
0.00, 2500, 24, 78, 100000, 0, 0.00000, 0.01436, 0.00071, 0.05796, 0.00221, 0.00161, 0.00404, 0.00000, 0.08090, 1236140
0.00, 2500, 24, 79, 100000, 0, 0.00000, 0.01923, 0.00049, 0.06198, 0.00255, 0.00167, 0.00438, 0.00000, 0.09030, 1107379
0.00, 2500, 24, 80, 100000, 0, 0.00000, 0.01749, 0.00074, 0.06212, 0.00241, 0.00192, 0.00444, 0.00000, 0.08912, 1122114
0.00, 2500, 24, 81, 100000, 0, 0.00000, 0.01906, 0.00107, 0.06251, 0.00265, 0.00160, 0.00454, 0.00000, 0.09143, 1093743
0.00, 2500, 24, 82, 100000, 0, 0.00000, 0.01894, 0.00078, 0.06045, 0.00261, 0.00164, 0.00453, 0.00000, 0.08896, 1124126
0.00, 2500, 24, 83, 100000, 0, 0.00000, 0.01857, 0.00084, 0.06189, 0.00243, 0.00171, 0.00425, 0.00000, 0.08970, 1114888
0.00, 2500, 24, 84, 100000, 0, 0.00000, 0.01778, 0.00092, 0.06130, 0.00273, 0.00166, 0.00448, 0.00000, 0.08888, 1125152
0.00, 2500, 24, 85, 100000, 0, 0.00000, 0.01623, 0.00090, 0.05681, 0.00229, 0.00168, 0.00403, 0.00000, 0.08193, 1220526
0.00, 2500, 24, 86, 100000, 0, 0.00000, 0.01475, 0.00068, 0.05713, 0.00204, 0.00161, 0.00413, 0.00000, 0.08034, 1244691
0.00, 2500, 24, 87, 100000, 0, 0.00000, 0.01442, 0.00056, 0.05632, 0.00252, 0.00164, 0.00457, 0.00000, 0.08003, 1249493
0.00, 2500, 24, 88, 100000, 0, 0.00000, 0.01829, 0.00085, 0.05947, 0.00234, 0.00159, 0.00461, 0.00000, 0.08716, 1147344
0.00, 2500, 24, 89, 100000, 0, 0.00000, 0.01862, 0.00092, 0.06147, 0.00228, 0.00161, 0.00423, 0.00000, 0.08914, 1121886
0.00, 2500, 24, 90, 100000, 0, 0.00000, 0.01625, 0.00074, 0.05780, 0.00207, 0.00166, 0.00458, 0.00000, 0.08310, 1203391
0.00, 2500, 24, 91, 100000, 0, 0.00000, 0.01861, 0.00102, 0.05993, 0.00242, 0.00162, 0.00447, 0.00000, 0.08807, 1135511
0.00, 2500, 24, 92, 100000, 0, 0.00000, 0.01850, 0.00083, 0.06069, 0.00400, 0.00162, 0.00439, 0.00000, 0.09003, 1110777
0.00, 2500, 24, 93, 100000, 0, 0.00000, 0.01988, 0.00079, 0.06276, 0.00239, 0.00172, 0.00487, 0.00000, 0.09241, 1082115
0.00, 2500, 24, 94, 100000, 0, 0.00000, 0.01676, 0.00077, 0.06079, 0.00264, 0.00166, 0.00461, 0.00000, 0.08724, 1146232
0.00, 2500, 24, 95, 100000, 0, 0.00000, 0.01714, 0.00082, 0.06127, 0.00287, 0.00160, 0.00497, 0.00000, 0.08866, 1127945
0.00, 2500, 24, 96, 100000, 0, 0.00000, 0.01901, 0.00091, 0.06113, 0.00295, 0.00169, 0.00626, 0.00000, 0.09195, 1087568
0.00, 2500, 24, 97, 100000, 0, 0.00000, 0.01913, 0.00070, 0.06349, 0.00287, 0.00167, 0.00475, 0.00000, 0.09260, 1079882
0.00, 2500, 24, 98, 100000, 0, 0.00000, 0.01993, 0.00128, 0.06281, 0.00248, 0.00167, 0.00475, 0.00000, 0.09292, 1076153
0.00, 2500, 24, 99, 100000, 0, 0.00000, 0.02021, 0.00073, 0.06394, 0.00265, 0.00159, 0.00447, 0.00000, 0.09360, 1068416
0.00, 2500, 24, 100, 100000, 0, 0.00000, 0.01889, 0.00070, 0.05918, 0.00240, 0.00156, 0.00430, 0.00000, 0.08705, 1148816
0.00, 2500, 24, total, 10000000,, 0.00000, 2.07828, 0.08290, 5.94774, 0.24828, 0.16588, 0.68012, 0.00001, 9.20322, 1086576.37500
