zipfian_const, NR_DPUS, NR_TASKLETS, batch_num, num_keys, max_query_num, preprocess_time1, preprocess_time2, migration_plan_time, migration_time, send_time, execution_time, receive_result_time, merge_time, batch_time, throughput
0.00, 2500, 24, 1, 100000, 0, 0.00000, 0.26755, 0.00054, 0.00052, 0.00192, 0.00150, 0.22918, 0.00000, 0.50121, 199516
0.00, 2500, 24, 2, 100000, 0, 0.00000, 0.00761, 0.00020, 0.13444, 0.00224, 0.00162, 0.00285, 0.00000, 0.14897, 671282
0.00, 2500, 24, 3, 100000, 0, 0.00000, 0.00646, 0.00052, 0.13478, 0.00247, 0.00165, 0.00286, 0.00000, 0.14875, 672255
0.00, 2500, 24, 4, 100000, 0, 0.00000, 0.00666, 0.00052, 0.13510, 0.00263, 0.00166, 0.00303, 0.00000, 0.14959, 668504
0.00, 2500, 24, 5, 100000, 0, 0.00000, 0.00651, 0.00052, 0.13511, 0.00262, 0.00163, 0.00323, 0.00000, 0.14962, 668374
0.00, 2500, 24, 6, 100000, 0, 0.00000, 0.00560, 0.00027, 0.13187, 0.00260, 0.00161, 0.00324, 0.00000, 0.14519, 688739
0.00, 2500, 24, 7, 100000, 0, 0.00000, 0.00620, 0.00053, 0.13203, 0.00257, 0.00245, 0.00299, 0.00000, 0.14677, 681328
0.00, 2500, 24, 8, 100000, 0, 0.00000, 0.00613, 0.00052, 0.13481, 0.00237, 0.00166, 0.00353, 0.00000, 0.14903, 671028
0.00, 2500, 24, 9, 100000, 0, 0.00000, 0.00721, 0.00053, 0.13479, 0.00243, 0.00165, 0.00297, 0.00000, 0.14958, 668556
0.00, 2500, 24, 10, 100000, 0, 0.00000, 0.00619, 0.00051, 0.13484, 0.00254, 0.00272, 0.00298, 0.00000, 0.14977, 667672
0.00, 2500, 24, 11, 100000, 0, 0.00000, 0.00625, 0.00051, 0.13471, 0.00265, 0.00166, 0.00288, 0.00000, 0.14867, 672636
0.00, 2500, 24, 12, 100000, 0, 0.00000, 0.00508, 0.00051, 0.10955, 0.00210, 0.00163, 0.00271, 0.00000, 0.12158, 822481
0.00, 2500, 24, 13, 100000, 0, 0.00000, 0.00601, 0.00025, 0.13426, 0.00263, 0.00167, 0.00330, 0.00000, 0.14813, 675075
0.00, 2500, 24, 14, 100000, 0, 0.00000, 0.00618, 0.00052, 0.11193, 0.00255, 0.00158, 0.00286, 0.00000, 0.12562, 796030
0.00, 2500, 24, 15, 100000, 0, 0.00000, 0.00640, 0.00053, 0.13506, 0.00238, 0.00162, 0.00326, 0.00000, 0.14926, 669967
0.00, 2500, 24, 16, 100000, 0, 0.00000, 0.00610, 0.00052, 0.10765, 0.00195, 0.00161, 0.00292, 0.00000, 0.12074, 828219
0.00, 2500, 24, 17, 100000, 0, 0.00000, 0.00658, 0.00052, 0.13514, 0.00251, 0.00245, 0.00274, 0.00000, 0.14994, 666935
0.00, 2500, 24, 18, 100000, 0, 0.00000, 0.00649, 0.00053, 0.13478, 0.00264, 0.00161, 0.00318, 0.00000, 0.14923, 670103
0.00, 2500, 24, 19, 100000, 0, 0.00000, 0.00602, 0.00053, 0.13468, 0.00245, 0.00167, 0.00272, 0.00000, 0.14806, 675385
0.00, 2500, 24, 20, 100000, 0, 0.00000, 0.00627, 0.00048, 0.13496, 0.00190, 0.00156, 0.00237, 0.00000, 0.14754, 677799
0.00, 2500, 24, 21, 100000, 0, 0.00000, 0.00507, 0.00028, 0.13256, 0.00241, 0.00157, 0.00285, 0.00000, 0.14474, 690910
0.00, 2500, 24, 22, 100000, 0, 0.00000, 0.00595, 0.00052, 0.13489, 0.00247, 0.00161, 0.00317, 0.00000, 0.14862, 672876
0.00, 2500, 24, 23, 100000, 0, 0.00000, 0.00700, 0.00052, 0.13494, 0.00244, 0.00172, 0.00314, 0.00000, 0.14974, 667806
0.00, 2500, 24, 24, 100000, 0, 0.00000, 0.00728, 0.00052, 0.13474, 0.00265, 0.00165, 0.00286, 0.00000, 0.14970, 668002
0.00, 2500, 24, 25, 100000, 0, 0.00000, 0.00588, 0.00053, 0.13459, 0.00250, 0.00159, 0.00312, 0.00000, 0.14820, 674761
0.00, 2500, 24, 26, 100000, 0, 0.00000, 0.00640, 0.00047, 0.13506, 0.00238, 0.00163, 0.00310, 0.00000, 0.14904, 670951
0.00, 2500, 24, 27, 100000, 0, 0.00000, 0.00625, 0.00055, 0.13522, 0.00243, 0.00160, 0.00308, 0.00000, 0.14913, 670535
0.00, 2500, 24, 28, 100000, 0, 0.00000, 0.00602, 0.00053, 0.13506, 0.00248, 0.00164, 0.00309, 0.00000, 0.14883, 671926
0.00, 2500, 24, 29, 100000, 0, 0.00000, 0.00637, 0.00048, 0.13495, 0.00243, 0.00163, 0.00299, 0.00000, 0.14884, 671880
0.00, 2500, 24, 30, 100000, 0, 0.00000, 0.00678, 0.00036, 0.13346, 0.00267, 0.00161, 0.00288, 0.00000, 0.14777, 676736
0.00, 2500, 24, 31, 100000, 0, 0.00000, 0.00721, 0.00053, 0.13467, 0.00285, 0.00166, 0.00296, 0.00000, 0.14988, 667213
0.00, 2500, 24, 32, 100000, 0, 0.00000, 0.00638, 0.00053, 0.13507, 0.00252, 0.00162, 0.00296, 0.00000, 0.14908, 670788
0.00, 2500, 24, 33, 100000, 0, 0.00000, 0.00655, 0.00053, 0.13502, 0.00240, 0.00160, 0.00297, 0.00000, 0.14907, 670846
0.00, 2500, 24, 34, 100000, 0, 0.00000, 0.00654, 0.00050, 0.13462, 0.00290, 0.00161, 0.00297, 0.00000, 0.14913, 670537
0.00, 2500, 24, 35, 100000, 0, 0.00000, 0.00651, 0.00053, 0.13494, 0.00244, 0.00160, 0.00308, 0.00000, 0.14911, 670657
0.00, 2500, 24, 36, 100000, 0, 0.00000, 0.00659, 0.00053, 0.13520, 0.00260, 0.00164, 0.00298, 0.00000, 0.14953, 668746
0.00, 2500, 24, 37, 100000, 0, 0.00000, 0.00677, 0.00054, 0.11200, 0.00263, 0.00163, 0.00276, 0.00000, 0.12632, 791629
0.00, 2500, 24, 38, 100000, 0, 0.00000, 0.00641, 0.00053, 0.13494, 0.00243, 0.00162, 0.00302, 0.00000, 0.14896, 671322
0.00, 2500, 24, 39, 100000, 0, 0.00000, 0.00616, 0.00054, 0.13490, 0.00271, 0.00164, 0.00295, 0.00000, 0.14890, 671614
0.00, 2500, 24, 40, 100000, 0, 0.00000, 0.00740, 0.00053, 0.13501, 0.00234, 0.00158, 0.00240, 0.00000, 0.14926, 669968
0.00, 2500, 24, 41, 100000, 0, 0.00000, 0.00685, 0.00052, 0.13540, 0.00248, 0.00165, 0.00343, 0.00000, 0.15035, 665136
0.00, 2500, 24, 42, 100000, 0, 0.00000, 0.00668, 0.00053, 0.13521, 0.00255, 0.00161, 0.00266, 0.00000, 0.14924, 670045
0.00, 2500, 24, 43, 100000, 0, 0.00000, 0.00555, 0.00053, 0.13499, 0.00226, 0.00249, 0.00300, 0.00000, 0.14883, 671915
0.00, 2500, 24, 44, 100000, 0, 0.00000, 0.00694, 0.00053, 0.13476, 0.00256, 0.00161, 0.00293, 0.00000, 0.14934, 669614
0.00, 2500, 24, 45, 100000, 0, 0.00000, 0.00680, 0.00054, 0.11137, 0.00262, 0.00160, 0.00314, 0.00000, 0.12607, 793204
0.00, 2500, 24, 46, 100000, 0, 0.00000, 0.00662, 0.00053, 0.13482, 0.00256, 0.00164, 0.00302, 0.00000, 0.14919, 670306
0.00, 2500, 24, 47, 100000, 0, 0.00000, 0.00664, 0.00052, 0.13512, 0.00225, 0.00161, 0.00313, 0.00000, 0.14927, 669933
0.00, 2500, 24, 48, 100000, 0, 0.00000, 0.00648, 0.00053, 0.13483, 0.00273, 0.00246, 0.00306, 0.00000, 0.15010, 666230
0.00, 2500, 24, 49, 100000, 0, 0.00000, 0.00521, 0.00053, 0.13140, 0.00180, 0.00165, 0.00307, 0.00000, 0.14366, 696111
0.00, 2500, 24, 50, 100000, 0, 0.00000, 0.00621, 0.00054, 0.13516, 0.00269, 0.00161, 0.00312, 0.00000, 0.14932, 669717
0.00, 2500, 24, 51, 100000, 0, 0.00000, 0.00736, 0.00053, 0.13268, 0.00266, 0.00162, 0.00335, 0.00000, 0.14819, 674792
0.00, 2500, 24, 52, 100000, 0, 0.00000, 0.00582, 0.00055, 0.12990, 0.00198, 0.00157, 0.00270, 0.00000, 0.14253, 701631
0.00, 2500, 24, 53, 100000, 0, 0.00000, 0.00604, 0.00030, 0.13373, 0.00263, 0.00161, 0.00316, 0.00000, 0.14747, 678105
0.00, 2500, 24, 54, 100000, 0, 0.00000, 0.00657, 0.00053, 0.13493, 0.00281, 0.00166, 0.00297, 0.00000, 0.14947, 669019
0.00, 2500, 24, 55, 100000, 0, 0.00000, 0.00729, 0.00053, 0.13538, 0.00234, 0.00166, 0.00281, 0.00000, 0.15001, 666611
0.00, 2500, 24, 56, 100000, 0, 0.00000, 0.00725, 0.00041, 0.10985, 0.00244, 0.00162, 0.00294, 0.00000, 0.12450, 803204
0.00, 2500, 24, 57, 100000, 0, 0.00000, 0.00663, 0.00052, 0.13478, 0.00263, 0.00163, 0.00301, 0.00000, 0.14920, 670246
0.00, 2500, 24, 58, 100000, 0, 0.00000, 0.00592, 0.00053, 0.13358, 0.00248, 0.00163, 0.00301, 0.00000, 0.14716, 679537
0.00, 2500, 24, 59, 100000, 0, 0.00000, 0.00769, 0.00027, 0.13019, 0.00266, 0.00161, 0.00326, 0.00000, 0.14568, 686435
0.00, 2500, 24, 60, 100000, 0, 0.00000, 0.00747, 0.00054, 0.13505, 0.00272, 0.00163, 0.00281, 0.00000, 0.15022, 665681
0.00, 2500, 24, 61, 100000, 0, 0.00000, 0.00585, 0.00054, 0.13214, 0.00252, 0.00162, 0.00304, 0.00000, 0.14570, 686335
0.00, 2500, 24, 62, 100000, 0, 0.00000, 0.00618, 0.00054, 0.11212, 0.00256, 0.00164, 0.00317, 0.00000, 0.12622, 792256
0.00, 2500, 24, 63, 100000, 0, 0.00000, 0.00675, 0.00041, 0.13259, 0.00257, 0.00158, 0.00309, 0.00000, 0.14699, 680308
0.00, 2500, 24, 64, 100000, 0, 0.00000, 0.00612, 0.00054, 0.13439, 0.00224, 0.00156, 0.00280, 0.00000, 0.14763, 677359
0.00, 2500, 24, 65, 100000, 0, 0.00000, 0.00660, 0.00053, 0.13531, 0.00265, 0.00163, 0.00316, 0.00000, 0.14988, 667181
0.00, 2500, 24, 66, 100000, 0, 0.00000, 0.00647, 0.00053, 0.11082, 0.00268, 0.00162, 0.00312, 0.00000, 0.12524, 798485
0.00, 2500, 24, 67, 100000, 0, 0.00000, 0.00681, 0.00055, 0.13495, 0.00264, 0.00160, 0.00333, 0.00000, 0.14988, 667202
0.00, 2500, 24, 68, 100000, 0, 0.00000, 0.00647, 0.00054, 0.13485, 0.00247, 0.00163, 0.00288, 0.00000, 0.14883, 671913
0.00, 2500, 24, 69, 100000, 0, 0.00000, 0.00651, 0.00054, 0.13518, 0.00278, 0.00160, 0.00293, 0.00000, 0.14954, 668698
0.00, 2500, 24, 70, 100000, 0, 0.00000, 0.00656, 0.00054, 0.13453, 0.00178, 0.00157, 0.00232, 0.00000, 0.14730, 678875
0.00, 2500, 24, 71, 100000, 0, 0.00000, 0.00656, 0.00026, 0.13190, 0.00266, 0.00179, 0.00305, 0.00000, 0.14622, 683916
0.00, 2500, 24, 72, 100000, 0, 0.00000, 0.00620, 0.00036, 0.13148, 0.00262, 0.00165, 0.00307, 0.00000, 0.14537, 687889
0.00, 2500, 24, 73, 100000, 0, 0.00000, 0.00744, 0.00054, 0.13359, 0.00252, 0.00156, 0.00264, 0.00000, 0.14830, 674295
0.00, 2500, 24, 74, 100000, 0, 0.00000, 0.00559, 0.00055, 0.13118, 0.00534, 0.00166, 0.00303, 0.00000, 0.14735, 678673
0.00, 2500, 24, 75, 100000, 0, 0.00000, 0.00809, 0.00054, 0.13410, 0.00247, 0.00163, 0.00332, 0.00000, 0.15015, 666014
0.00, 2500, 24, 76, 100000, 0, 0.00000, 0.00741, 0.00054, 0.13139, 0.00255, 0.00164, 0.00277, 0.00000, 0.14630, 683528
0.00, 2500, 24, 77, 100000, 0, 0.00000, 0.00728, 0.00054, 0.10858, 0.00264, 0.00163, 0.00338, 0.00000, 0.12404, 806161
0.00, 2500, 24, 78, 100000, 0, 0.00000, 0.00706, 0.00054, 0.13485, 0.00277, 0.00160, 0.00324, 0.00000, 0.15006, 666405
0.00, 2500, 24, 79, 100000, 0, 0.00000, 0.00692, 0.00049, 0.13487, 0.00277, 0.00166, 0.00314, 0.00000, 0.14985, 667353
0.00, 2500, 24, 80, 100000, 0, 0.00000, 0.00655, 0.00054, 0.13502, 0.00224, 0.00160, 0.00289, 0.00000, 0.14884, 671882
0.00, 2500, 24, 81, 100000, 0, 0.00000, 0.00660, 0.00054, 0.13492, 0.00264, 0.00160, 0.00302, 0.00000, 0.14932, 669693
0.00, 2500, 24, 82, 100000, 0, 0.00000, 0.00674, 0.00054, 0.13432, 0.00264, 0.00166, 0.00297, 0.00000, 0.14887, 671736
0.00, 2500, 24, 83, 100000, 0, 0.00000, 0.00652, 0.00054, 0.13376, 0.00270, 0.00246, 0.00299, 0.00000, 0.14898, 671229
0.00, 2500, 24, 84, 100000, 0, 0.00000, 0.00644, 0.00054, 0.13353, 0.00246, 0.00161, 0.00326, 0.00000, 0.14784, 676402
0.00, 2500, 24, 85, 100000, 0, 0.00000, 0.00633, 0.00054, 0.11125, 0.00249, 0.00165, 0.00313, 0.00000, 0.12541, 797408
0.00, 2500, 24, 86, 100000, 0, 0.00000, 0.00631, 0.00054, 0.11149, 0.00165, 0.00158, 0.00224, 0.00000, 0.12381, 807687
0.00, 2500, 24, 87, 100000, 0, 0.00000, 0.00645, 0.00031, 0.13276, 0.00238, 0.00159, 0.00296, 0.00000, 0.14645, 682820
0.00, 2500, 24, 88, 100000, 0, 0.00000, 0.00636, 0.00054, 0.13487, 0.00260, 0.00161, 0.00357, 0.00000, 0.14956, 668639
0.00, 2500, 24, 89, 100000, 0, 0.00000, 0.00601, 0.00054, 0.13510, 0.00273, 0.00163, 0.00317, 0.00000, 0.14918, 670322
0.00, 2500, 24, 90, 100000, 0, 0.00000, 0.00653, 0.00055, 0.11212, 0.00271, 0.00164, 0.00306, 0.00000, 0.12660, 789915
0.00, 2500, 24, 91, 100000, 0, 0.00000, 0.00662, 0.00055, 0.13521, 0.00264, 0.00164, 0.00318, 0.00000, 0.14984, 667366
0.00, 2500, 24, 92, 100000, 0, 0.00000, 0.00786, 0.00054, 0.13588, 0.00289, 0.00164, 0.00301, 0.00000, 0.15182, 658658
0.00, 2500, 24, 93, 100000, 0, 0.00000, 0.00634, 0.00056, 0.13397, 0.00235, 0.00173, 0.00277, 0.00000, 0.14772, 676948
0.00, 2500, 24, 94, 100000, 0, 0.00000, 0.00681, 0.00050, 0.11182, 0.00257, 0.00258, 0.00270, 0.00000, 0.12698, 787531
0.00, 2500, 24, 95, 100000, 0, 0.00000, 0.00653, 0.00055, 0.13513, 0.00266, 0.00160, 0.00246, 0.00000, 0.14892, 671479
0.00, 2500, 24, 96, 100000, 0, 0.00000, 0.00769, 0.00055, 0.13512, 0.00239, 0.00163, 0.00299, 0.00000, 0.15037, 665042
0.00, 2500, 24, 97, 100000, 0, 0.00000, 0.00635, 0.00050, 0.11188, 0.00225, 0.00160, 0.00277, 0.00000, 0.12536, 797726
0.00, 2500, 24, 98, 100000, 0, 0.00000, 0.00733, 0.00051, 0.11181, 0.00258, 0.00161, 0.00298, 0.00000, 0.12683, 788442
0.00, 2500, 24, 99, 100000, 0, 0.00000, 0.00737, 0.00054, 0.11249, 0.00265, 0.00162, 0.00331, 0.00000, 0.12798, 781371
0.00, 2500, 24, 100, 100000, 0, 0.00000, 0.00681, 0.00050, 0.13479, 0.00258, 0.00161, 0.00271, 0.00000, 0.14900, 671127
0.00, 2500, 24, total, 10000000,, 0.00000, 0.91651, 0.05025, 12.92200, 0.25272, 0.16861, 0.52533, 0.00001, 14.83543, 674062.06250
