zipfian_const, NR_DPUS, NR_TASKLETS, batch_num, num_keys, max_query_num, preprocess_time1, preprocess_time2, migration_plan_time, migration_time, send_time, execution_time, receive_result_time, merge_time, batch_time, throughput
0.00, 2500, 24, 1, 100000, 0, 0.00000, 0.28959, 0.00020, 0.00017, 0.00206, 0.00246, 0.00295, 0.00000, 0.29742, 336225
0.00, 2500, 24, 2, 100000, 0, 0.00000, 0.00729, 0.00021, 0.13417, 0.00270, 0.00227, 0.00332, 0.00000, 0.14998, 666778
0.00, 2500, 24, 3, 100000, 0, 0.00000, 0.00708, 0.00051, 0.13451, 0.00229, 0.00229, 0.00324, 0.00000, 0.14993, 666997
0.00, 2500, 24, 4, 100000, 0, 0.00000, 0.00652, 0.00052, 0.13508, 0.00271, 0.00227, 0.00323, 0.00000, 0.15033, 665221
0.00, 2500, 24, 5, 100000, 0, 0.00000, 0.00744, 0.00052, 0.13515, 0.00268, 0.00225, 0.00337, 0.00000, 0.15142, 660408
0.00, 2500, 24, 6, 100000, 0, 0.00000, 0.00649, 0.00052, 0.13504, 0.00230, 0.00241, 0.00338, 0.00000, 0.15013, 666083
0.00, 2500, 24, 7, 100000, 0, 0.00000, 0.00701, 0.00052, 0.13521, 0.00267, 0.00226, 0.00343, 0.00000, 0.15110, 661819
0.00, 2500, 24, 8, 100000, 0, 0.00000, 0.00790, 0.00052, 0.13509, 0.00227, 0.00230, 0.00319, 0.00000, 0.15127, 661066
0.00, 2500, 24, 9, 100000, 0, 0.00000, 0.00698, 0.00045, 0.13414, 0.00238, 0.00223, 0.00329, 0.00000, 0.14947, 669018
0.00, 2500, 24, 10, 100000, 0, 0.00000, 0.00700, 0.00052, 0.13507, 0.00236, 0.00245, 0.00322, 0.00000, 0.15062, 663939
0.00, 2500, 24, 11, 100000, 0, 0.00000, 0.00695, 0.00051, 0.13510, 0.00263, 0.00237, 0.00336, 0.00000, 0.15093, 662580
0.00, 2500, 24, 12, 100000, 0, 0.00000, 0.00601, 0.00052, 0.10972, 0.00196, 0.00220, 0.00325, 0.00000, 0.12367, 808620
0.00, 2500, 24, 13, 100000, 0, 0.00000, 0.00743, 0.00021, 0.13481, 0.00265, 0.00226, 0.00333, 0.00000, 0.15069, 663605
0.00, 2500, 24, 14, 100000, 0, 0.00000, 0.00694, 0.00053, 0.11227, 0.00253, 0.00226, 0.00339, 0.00000, 0.12792, 781714
0.00, 2500, 24, 15, 100000, 0, 0.00000, 0.00717, 0.00044, 0.13533, 0.00278, 0.00229, 0.00320, 0.00000, 0.15121, 661337
0.00, 2500, 24, 16, 100000, 0, 0.00000, 0.00585, 0.00041, 0.10931, 0.00237, 0.00218, 0.00290, 0.00000, 0.12302, 812844
0.00, 2500, 24, 17, 100000, 0, 0.00000, 0.00689, 0.00024, 0.13350, 0.00252, 0.00298, 0.00350, 0.00000, 0.14964, 668286
0.00, 2500, 24, 18, 100000, 0, 0.00000, 0.00664, 0.00050, 0.13517, 0.00228, 0.00233, 0.00334, 0.00000, 0.15025, 665537
0.00, 2500, 24, 19, 100000, 0, 0.00000, 0.00699, 0.00053, 0.13497, 0.00242, 0.00227, 0.00323, 0.00000, 0.15042, 664820
0.00, 2500, 24, 20, 100000, 0, 0.00000, 0.00671, 0.00044, 0.13545, 0.00273, 0.00353, 0.00380, 0.00000, 0.15267, 655017
0.00, 2500, 24, 21, 100000, 0, 0.00000, 0.00862, 0.00052, 0.13633, 0.00265, 0.00230, 0.00367, 0.00000, 0.15409, 648986
0.00, 2500, 24, 22, 100000, 0, 0.00000, 0.00874, 0.00033, 0.13568, 0.00235, 0.00222, 0.00303, 0.00000, 0.15235, 656383
0.00, 2500, 24, 23, 100000, 0, 0.00000, 0.00684, 0.00041, 0.13529, 0.00243, 0.00219, 0.00305, 0.00000, 0.15020, 665799
0.00, 2500, 24, 24, 100000, 0, 0.00000, 0.00682, 0.00028, 0.13227, 0.00237, 0.00250, 0.00327, 0.00000, 0.14750, 677966
0.00, 2500, 24, 25, 100000, 0, 0.00000, 0.00707, 0.00053, 0.13534, 0.00246, 0.00255, 0.00310, 0.00000, 0.15104, 662063
0.00, 2500, 24, 26, 100000, 0, 0.00000, 0.00696, 0.00034, 0.13525, 0.00283, 0.00225, 0.00361, 0.00000, 0.15124, 661199
0.00, 2500, 24, 27, 100000, 0, 0.00000, 0.00641, 0.00054, 0.13545, 0.00263, 0.00226, 0.00346, 0.00000, 0.15074, 663389
0.00, 2500, 24, 28, 100000, 0, 0.00000, 0.00707, 0.00054, 0.13544, 0.00258, 0.00231, 0.00332, 0.00000, 0.15125, 661139
0.00, 2500, 24, 29, 100000, 0, 0.00000, 0.00598, 0.00053, 0.13510, 0.00238, 0.00220, 0.00366, 0.00000, 0.14986, 667270
0.00, 2500, 24, 30, 100000, 0, 0.00000, 0.00661, 0.00053, 0.13584, 0.00248, 0.00226, 0.00357, 0.00000, 0.15130, 660928
0.00, 2500, 24, 31, 100000, 0, 0.00000, 0.00696, 0.00054, 0.13159, 0.00246, 0.00217, 0.00342, 0.00000, 0.14715, 679590
0.00, 2500, 24, 32, 100000, 0, 0.00000, 0.00659, 0.00053, 0.13335, 0.00243, 0.00231, 0.00346, 0.00000, 0.14866, 672660
0.00, 2500, 24, 33, 100000, 0, 0.00000, 0.00778, 0.00044, 0.13619, 0.00239, 0.00225, 0.00339, 0.00000, 0.15244, 656014
0.00, 2500, 24, 34, 100000, 0, 0.00000, 0.00676, 0.00054, 0.13547, 0.00282, 0.00224, 0.00336, 0.00000, 0.15118, 661464
0.00, 2500, 24, 35, 100000, 0, 0.00000, 0.00720, 0.00055, 0.13564, 0.00204, 0.00222, 0.00334, 0.00000, 0.15099, 662293
0.00, 2500, 24, 36, 100000, 0, 0.00000, 0.00691, 0.00053, 0.13565, 0.00244, 0.00231, 0.00362, 0.00000, 0.15145, 660279
0.00, 2500, 24, 37, 100000, 0, 0.00000, 0.00681, 0.00054, 0.11265, 0.00247, 0.00257, 0.00382, 0.00000, 0.12886, 776009
0.00, 2500, 24, 38, 100000, 0, 0.00000, 0.00703, 0.00055, 0.13549, 0.00218, 0.00230, 0.00332, 0.00000, 0.15088, 662787
0.00, 2500, 24, 39, 100000, 0, 0.00000, 0.00663, 0.00036, 0.13429, 0.00262, 0.00224, 0.00367, 0.00000, 0.14981, 667525
0.00, 2500, 24, 40, 100000, 0, 0.00000, 0.00614, 0.00055, 0.13203, 0.00166, 0.00224, 0.00290, 0.00000, 0.14552, 687176
0.00, 2500, 24, 41, 100000, 0, 0.00000, 0.00568, 0.00021, 0.13019, 0.00165, 0.00235, 0.00329, 0.00000, 0.14338, 697456
0.00, 2500, 24, 42, 100000, 0, 0.00000, 0.00862, 0.00028, 0.13625, 0.00208, 0.00218, 0.00339, 0.00000, 0.15280, 654461
0.00, 2500, 24, 43, 100000, 0, 0.00000, 0.00713, 0.00054, 0.13636, 0.00247, 0.00235, 0.00349, 0.00000, 0.15234, 656421
0.00, 2500, 24, 44, 100000, 0, 0.00000, 0.01484, 0.00053, 0.13784, 0.00197, 0.00210, 0.00225, 0.00000, 0.15953, 626823
0.00, 2500, 24, 45, 100000, 0, 0.00000, 0.00966, 0.00018, 0.11324, 0.00228, 0.00219, 0.00273, 0.00000, 0.13028, 767582
0.00, 2500, 24, 46, 100000, 0, 0.00000, 0.01045, 0.00032, 0.13467, 0.00180, 0.00209, 0.00259, 0.00000, 0.15192, 658240
0.00, 2500, 24, 47, 100000, 0, 0.00000, 0.00731, 0.00018, 0.13452, 0.00253, 0.00228, 0.00339, 0.00000, 0.15020, 665766
0.00, 2500, 24, 48, 100000, 0, 0.00000, 0.00701, 0.00053, 0.13585, 0.00201, 0.00220, 0.00391, 0.00000, 0.15152, 659990
0.00, 2500, 24, 49, 100000, 0, 0.00000, 0.01004, 0.00054, 0.13600, 0.00209, 0.00210, 0.00267, 0.00000, 0.15344, 651733
0.00, 2500, 24, 50, 100000, 0, 0.00000, 0.00659, 0.00032, 0.13552, 0.00230, 0.00232, 0.00337, 0.00000, 0.15041, 664847
0.00, 2500, 24, 51, 100000, 0, 0.00000, 0.00695, 0.00053, 0.13603, 0.00281, 0.00238, 0.00344, 0.00000, 0.15215, 657233
0.00, 2500, 24, 52, 100000, 0, 0.00000, 0.00569, 0.00055, 0.13286, 0.00170, 0.00224, 0.00343, 0.00000, 0.14647, 682746
0.00, 2500, 24, 53, 100000, 0, 0.00000, 0.00688, 0.00056, 0.13596, 0.00298, 0.00249, 0.00331, 0.00000, 0.15218, 657134
0.00, 2500, 24, 54, 100000, 0, 0.00000, 0.00713, 0.00053, 0.13629, 0.00250, 0.00229, 0.00338, 0.00000, 0.15211, 657401
0.00, 2500, 24, 55, 100000, 0, 0.00000, 0.00695, 0.00049, 0.13610, 0.00270, 0.00224, 0.00332, 0.00000, 0.15180, 658780
0.00, 2500, 24, 56, 100000, 0, 0.00000, 0.00680, 0.00050, 0.11297, 0.00258, 0.00229, 0.00339, 0.00000, 0.12854, 777950
0.00, 2500, 24, 57, 100000, 0, 0.00000, 0.00720, 0.00053, 0.13608, 0.00230, 0.00233, 0.00325, 0.00000, 0.15169, 659224
0.00, 2500, 24, 58, 100000, 0, 0.00000, 0.01468, 0.00049, 0.13634, 0.00236, 0.00214, 0.00308, 0.00000, 0.15908, 628612
0.00, 2500, 24, 59, 100000, 0, 0.00000, 0.00696, 0.00032, 0.13269, 0.00239, 0.00237, 0.00339, 0.00000, 0.14811, 675195
0.00, 2500, 24, 60, 100000, 0, 0.00000, 0.00772, 0.00055, 0.13647, 0.00246, 0.00238, 0.00330, 0.00000, 0.15289, 654055
0.00, 2500, 24, 61, 100000, 0, 0.00000, 0.00710, 0.00054, 0.13645, 0.00267, 0.00252, 0.00329, 0.00000, 0.15256, 655489
0.00, 2500, 24, 62, 100000, 0, 0.00000, 0.01090, 0.00054, 0.11139, 0.00192, 0.00213, 0.00240, 0.00000, 0.12927, 773552
0.00, 2500, 24, 63, 100000, 0, 0.00000, 0.00811, 0.00018, 0.13586, 0.00262, 0.00231, 0.00351, 0.00000, 0.15260, 655319
0.00, 2500, 24, 64, 100000, 0, 0.00000, 0.00877, 0.00049, 0.13677, 0.00274, 0.00233, 0.00338, 0.00000, 0.15449, 647308
0.00, 2500, 24, 65, 100000, 0, 0.00000, 0.00869, 0.00032, 0.13679, 0.00283, 0.00232, 0.00355, 0.00000, 0.15449, 647296
0.00, 2500, 24, 66, 100000, 0, 0.00000, 0.01048, 0.00045, 0.11403, 0.00195, 0.00218, 0.00256, 0.00000, 0.13165, 759571
0.00, 2500, 24, 67, 100000, 0, 0.00000, 0.01065, 0.00033, 0.13448, 0.00203, 0.00219, 0.00302, 0.00000, 0.15271, 654845
0.00, 2500, 24, 68, 100000, 0, 0.00000, 0.00748, 0.00032, 0.13590, 0.00284, 0.00236, 0.00345, 0.00000, 0.15235, 656366
0.00, 2500, 24, 69, 100000, 0, 0.00000, 0.00627, 0.00033, 0.13499, 0.00247, 0.00238, 0.00341, 0.00000, 0.14985, 667344
0.00, 2500, 24, 70, 100000, 0, 0.00000, 0.00678, 0.00054, 0.13660, 0.00259, 0.00247, 0.00327, 0.00000, 0.15227, 656726
0.00, 2500, 24, 71, 100000, 0, 0.00000, 0.00697, 0.00054, 0.13648, 0.00248, 0.00236, 0.00374, 0.00000, 0.15257, 655447
0.00, 2500, 24, 72, 100000, 0, 0.00000, 0.00749, 0.00055, 0.13558, 0.00301, 0.00243, 0.00381, 0.00000, 0.15287, 654150
0.00, 2500, 24, 73, 100000, 0, 0.00000, 0.00705, 0.00055, 0.13702, 0.00240, 0.00244, 0.00337, 0.00000, 0.15283, 654335
0.00, 2500, 24, 74, 100000, 0, 0.00000, 0.00984, 0.00054, 0.13696, 0.00188, 0.00233, 0.00236, 0.00000, 0.15391, 649722
0.00, 2500, 24, 75, 100000, 0, 0.00000, 0.00880, 0.00018, 0.13546, 0.01153, 0.00229, 0.00340, 0.00000, 0.16166, 618568
0.00, 2500, 24, 76, 100000, 0, 0.00000, 0.00850, 0.00055, 0.13607, 0.00272, 0.00229, 0.00343, 0.00000, 0.15355, 651255
0.00, 2500, 24, 77, 100000, 0, 0.00000, 0.00697, 0.00049, 0.11350, 0.00249, 0.00234, 0.00333, 0.00000, 0.12912, 774495
0.00, 2500, 24, 78, 100000, 0, 0.00000, 0.01230, 0.00054, 0.13732, 0.00265, 0.00219, 0.00293, 0.00000, 0.15793, 633180
0.00, 2500, 24, 79, 100000, 0, 0.00000, 0.00659, 0.00054, 0.13692, 0.00248, 0.00227, 0.00339, 0.00000, 0.15219, 657094
0.00, 2500, 24, 80, 100000, 0, 0.00000, 0.01385, 0.00043, 0.13312, 0.00189, 0.00215, 0.00233, 0.00000, 0.15376, 650350
0.00, 2500, 24, 81, 100000, 0, 0.00000, 0.00638, 0.00029, 0.13640, 0.00284, 0.00232, 0.00332, 0.00000, 0.15156, 659810
0.00, 2500, 24, 82, 100000, 0, 0.00000, 0.01260, 0.00054, 0.13730, 0.00184, 0.00220, 0.00222, 0.00000, 0.15670, 638156
0.00, 2500, 24, 83, 100000, 0, 0.00000, 0.00653, 0.00018, 0.13509, 0.00274, 0.00232, 0.00342, 0.00000, 0.15029, 665369
0.00, 2500, 24, 84, 100000, 0, 0.00000, 0.01003, 0.00049, 0.13271, 0.00201, 0.00217, 0.00265, 0.00000, 0.15008, 666333
0.00, 2500, 24, 85, 100000, 0, 0.00000, 0.00523, 0.00030, 0.10999, 0.00164, 0.00236, 0.00338, 0.00000, 0.12291, 813609
0.00, 2500, 24, 86, 100000, 0, 0.00000, 0.00658, 0.00054, 0.11014, 0.00258, 0.00226, 0.00330, 0.00000, 0.12541, 797410
0.00, 2500, 24, 87, 100000, 0, 0.00000, 0.00670, 0.00042, 0.13699, 0.00270, 0.00231, 0.00331, 0.00000, 0.15244, 655978
0.00, 2500, 24, 88, 100000, 0, 0.00000, 0.00667, 0.00018, 0.13656, 0.00246, 0.00239, 0.00381, 0.00000, 0.15207, 657580
0.00, 2500, 24, 89, 100000, 0, 0.00000, 0.00648, 0.00056, 0.13708, 0.00253, 0.00249, 0.00349, 0.00000, 0.15263, 655190
0.00, 2500, 24, 90, 100000, 0, 0.00000, 0.00640, 0.00055, 0.11447, 0.00270, 0.00234, 0.00363, 0.00000, 0.13009, 768695
0.00, 2500, 24, 91, 100000, 0, 0.00000, 0.01278, 0.00055, 0.13785, 0.00206, 0.00223, 0.00271, 0.00000, 0.15819, 632157
0.00, 2500, 24, 92, 100000, 0, 0.00000, 0.01094, 0.00018, 0.13589, 0.00256, 0.00230, 0.00284, 0.00000, 0.15472, 646330
0.00, 2500, 24, 93, 100000, 0, 0.00000, 0.01623, 0.00050, 0.13688, 0.00746, 0.00239, 0.00333, 0.00000, 0.16680, 599535
0.00, 2500, 24, 94, 100000, 0, 0.00000, 0.01059, 0.00050, 0.11392, 0.00233, 0.00229, 0.00265, 0.00000, 0.13228, 755966
0.00, 2500, 24, 95, 100000, 0, 0.00000, 0.01122, 0.00038, 0.13569, 0.00202, 0.00230, 0.00257, 0.00000, 0.15418, 648605
0.00, 2500, 24, 96, 100000, 0, 0.00000, 0.01271, 0.00019, 0.13575, 0.00242, 0.00234, 0.00257, 0.00000, 0.15598, 641108
0.00, 2500, 24, 97, 100000, 0, 0.00000, 0.00705, 0.00019, 0.11185, 0.00291, 0.00394, 0.00337, 0.00000, 0.12931, 773308
0.00, 2500, 24, 98, 100000, 0, 0.00000, 0.01050, 0.00056, 0.11334, 0.00195, 0.00230, 0.00265, 0.00000, 0.13130, 761630
0.00, 2500, 24, 99, 100000, 0, 0.00000, 0.00657, 0.00018, 0.11359, 0.00241, 0.00230, 0.00332, 0.00000, 0.12838, 778954
0.00, 2500, 24, 100, 100000, 0, 0.00000, 0.01332, 0.00061, 0.13706, 0.00192, 0.00209, 0.00234, 0.00000, 0.15733, 635598
0.00, 2500, 24, total, 10000000,, 0.00000, 1.08418, 0.04401, 13.03614, 0.25421, 0.23299, 0.32316, 0.00001, 14.97470, 667793.00000
