zipfian_const, NR_DPUS, NR_TASKLETS, batch_num, num_keys, max_query_num, preprocess_time1, preprocess_time2, migration_plan_time, migration_time, send_time, execution_time, receive_result_time, merge_time, batch_time, throughput
0.00, 2500, 24, 1, 100000, 0, 0.00000, 0.29846, 0.00045, 0.00053, 0.00214, 0.00149, 0.23322, 0.00000, 0.53628, 186469
0.00, 2500, 24, 2, 100000, 0, 0.00000, 0.01716, 0.00060, 0.00070, 0.00236, 0.00156, 0.00445, 0.00000, 0.02684, 3726088
0.00, 2500, 24, 3, 100000, 0, 0.00000, 0.01354, 0.00118, 0.00142, 0.00366, 0.00163, 0.00556, 0.00000, 0.02698, 3705906
0.00, 2500, 24, 4, 100000, 0, 0.00000, 0.01381, 0.00105, 0.00130, 0.00208, 0.00243, 0.00416, 0.00000, 0.02483, 4026814
0.00, 2500, 24, 5, 100000, 0, 0.00000, 0.01243, 0.00049, 0.00063, 0.00221, 0.00158, 0.00394, 0.00000, 0.02127, 4701816
0.00, 2500, 24, 6, 100000, 0, 0.00000, 0.01220, 0.00045, 0.00059, 0.00218, 0.00160, 0.00401, 0.00000, 0.02103, 4754232
0.00, 2500, 24, 7, 100000, 0, 0.00000, 0.01221, 0.00046, 0.00060, 0.00226, 0.00250, 0.00465, 0.00000, 0.02268, 4408509
0.00, 2500, 24, 8, 100000, 0, 0.00000, 0.01333, 0.00072, 0.00090, 0.00238, 0.00161, 0.00464, 0.00000, 0.02358, 4241278
0.00, 2500, 24, 9, 100000, 0, 0.00000, 0.01352, 0.00113, 0.00108, 0.00225, 0.00247, 0.00463, 0.00000, 0.02508, 3987121
0.00, 2500, 24, 10, 100000, 0, 0.00000, 0.01256, 0.00063, 0.00078, 0.00214, 0.00239, 0.00404, 0.00000, 0.02254, 4437004
0.00, 2500, 24, 11, 100000, 0, 0.00000, 0.01219, 0.00055, 0.00071, 0.00211, 0.00162, 0.00463, 0.00000, 0.02181, 4584986
0.00, 2500, 24, 12, 100000, 0, 0.00000, 0.01340, 0.00075, 0.00096, 0.00235, 0.00159, 0.00443, 0.00000, 0.02348, 4258814
0.00, 2500, 24, 13, 100000, 0, 0.00000, 0.01321, 0.00105, 0.00090, 0.00266, 0.00163, 0.00476, 0.00000, 0.02420, 4131756
0.00, 2500, 24, 14, 100000, 0, 0.00000, 0.01359, 0.00102, 0.00129, 0.00216, 0.00159, 0.00470, 0.00000, 0.02435, 4106796
0.00, 2500, 24, 15, 100000, 0, 0.00000, 0.01332, 0.00076, 0.00096, 0.00274, 0.00164, 0.00453, 0.00000, 0.02395, 4175690
0.00, 2500, 24, 16, 100000, 0, 0.00000, 0.01304, 0.00071, 0.00090, 0.00279, 0.00243, 0.00467, 0.00000, 0.02455, 4073423
0.00, 2500, 24, 17, 100000, 0, 0.00000, 0.01332, 0.00102, 0.00086, 0.00227, 0.00163, 0.00433, 0.00000, 0.02343, 4268686
0.00, 2500, 24, 18, 100000, 0, 0.00000, 0.01285, 0.00077, 0.00097, 0.00276, 0.00160, 0.00469, 0.00000, 0.02364, 4230155
0.00, 2500, 24, 19, 100000, 0, 0.00000, 0.01335, 0.00071, 0.00090, 0.00278, 0.00163, 0.00483, 0.00000, 0.02420, 4132892
0.00, 2500, 24, 20, 100000, 0, 0.00000, 0.01281, 0.00105, 0.00091, 0.00276, 0.00165, 0.00452, 0.00000, 0.02369, 4220664
0.00, 2500, 24, 21, 100000, 0, 0.00000, 0.01294, 0.00107, 0.00129, 0.00226, 0.00160, 0.00412, 0.00000, 0.02328, 4294818
0.00, 2500, 24, 22, 100000, 0, 0.00000, 0.01138, 0.00060, 0.00056, 0.00216, 0.00159, 0.00445, 0.00000, 0.02075, 4819550
0.00, 2500, 24, 23, 100000, 0, 0.00000, 0.01335, 0.00077, 0.00097, 0.00250, 0.00158, 0.00417, 0.00000, 0.02334, 4285293
0.00, 2500, 24, 24, 100000, 0, 0.00000, 0.01493, 0.00102, 0.00131, 0.00284, 0.00163, 0.00473, 0.00000, 0.02647, 3778386
0.00, 2500, 24, 25, 100000, 0, 0.00000, 0.01367, 0.00087, 0.00109, 0.00275, 0.00240, 0.00482, 0.00000, 0.02561, 3904742
0.00, 2500, 24, 26, 100000, 0, 0.00000, 0.01339, 0.00075, 0.00097, 0.00222, 0.00250, 0.00481, 0.00000, 0.02464, 4058837
0.00, 2500, 24, 27, 100000, 0, 0.00000, 0.01474, 0.00074, 0.00090, 0.00246, 0.00244, 0.00442, 0.00000, 0.02572, 3887537
0.00, 2500, 24, 28, 100000, 0, 0.00000, 0.01299, 0.00071, 0.00091, 0.00216, 0.00242, 0.00408, 0.00000, 0.02327, 4297726
0.00, 2500, 24, 29, 100000, 0, 0.00000, 0.01221, 0.00058, 0.00073, 0.00232, 0.00243, 0.00449, 0.00000, 0.02276, 4394252
0.00, 2500, 24, 30, 100000, 0, 0.00000, 0.01314, 0.00093, 0.00081, 0.00275, 0.00163, 0.00475, 0.00000, 0.02402, 4163288
0.00, 2500, 24, 31, 100000, 0, 0.00000, 0.01372, 0.00107, 0.00129, 0.00220, 0.00158, 0.00480, 0.00000, 0.02467, 4054250
0.00, 2500, 24, 32, 100000, 0, 0.00000, 0.01281, 0.00079, 0.00096, 0.00210, 0.00246, 0.00391, 0.00000, 0.02303, 4341343
0.00, 2500, 24, 33, 100000, 0, 0.00000, 0.01199, 0.00061, 0.00077, 0.00230, 0.00217, 0.00460, 0.00000, 0.02243, 4459130
0.00, 2500, 24, 34, 100000, 0, 0.00000, 0.01199, 0.00040, 0.00052, 0.00267, 0.00159, 0.00452, 0.00000, 0.02171, 4605818
0.00, 2500, 24, 35, 100000, 0, 0.00000, 0.01310, 0.00094, 0.00119, 0.00257, 0.00249, 0.00461, 0.00000, 0.02491, 4014970
0.00, 2500, 24, 36, 100000, 0, 0.00000, 0.01311, 0.00075, 0.00096, 0.00221, 0.00154, 0.00417, 0.00000, 0.02275, 4396144
0.00, 2500, 24, 37, 100000, 0, 0.00000, 0.01214, 0.00056, 0.00069, 0.00205, 0.00157, 0.00400, 0.00000, 0.02100, 4761144
0.00, 2500, 24, 38, 100000, 0, 0.00000, 0.01290, 0.00075, 0.00091, 0.00256, 0.00159, 0.00468, 0.00000, 0.02338, 4276254
0.00, 2500, 24, 39, 100000, 0, 0.00000, 0.01363, 0.00105, 0.00129, 0.00219, 0.00380, 0.00438, 0.00000, 0.02634, 3795841
0.00, 2500, 24, 40, 100000, 0, 0.00000, 0.01253, 0.00063, 0.00077, 0.00281, 0.00182, 0.00410, 0.00000, 0.02265, 4414962
0.00, 2500, 24, 41, 100000, 0, 0.00000, 0.01320, 0.00076, 0.00090, 0.00239, 0.00163, 0.00471, 0.00000, 0.02359, 4239437
0.00, 2500, 24, 42, 100000, 0, 0.00000, 0.01313, 0.00106, 0.00129, 0.00244, 0.00157, 0.00467, 0.00000, 0.02415, 4140361
0.00, 2500, 24, 43, 100000, 0, 0.00000, 0.01352, 0.00079, 0.00098, 0.00218, 0.00157, 0.00445, 0.00000, 0.02349, 4257254
0.00, 2500, 24, 44, 100000, 0, 0.00000, 0.01318, 0.00071, 0.00092, 0.00250, 0.00251, 0.00452, 0.00000, 0.02435, 4107446
0.00, 2500, 24, 45, 100000, 0, 0.00000, 0.01315, 0.00104, 0.00107, 0.00268, 0.00160, 0.00491, 0.00000, 0.02446, 4088665
0.00, 2500, 24, 46, 100000, 0, 0.00000, 0.01364, 0.00087, 0.00111, 0.00228, 0.00246, 0.00409, 0.00000, 0.02444, 4091683
0.00, 2500, 24, 47, 100000, 0, 0.00000, 0.01219, 0.00041, 0.00055, 0.00223, 0.00172, 0.00406, 0.00000, 0.02117, 4724604
0.00, 2500, 24, 48, 100000, 0, 0.00000, 0.01233, 0.00044, 0.00058, 0.00219, 0.00164, 0.00470, 0.00000, 0.02189, 4567912
0.00, 2500, 24, 49, 100000, 0, 0.00000, 0.01338, 0.00105, 0.00112, 0.00209, 0.00153, 0.00427, 0.00000, 0.02345, 4264090
0.00, 2500, 24, 50, 100000, 0, 0.00000, 0.01234, 0.00044, 0.00059, 0.00213, 0.00158, 0.00471, 0.00000, 0.02179, 4589832
0.00, 2500, 24, 51, 100000, 0, 0.00000, 0.01312, 0.00096, 0.00119, 0.00255, 0.00160, 0.00470, 0.00000, 0.02412, 4146167
0.00, 2500, 24, 52, 100000, 0, 0.00000, 0.01336, 0.00081, 0.00103, 0.00254, 0.00249, 0.00457, 0.00000, 0.02478, 4035354
0.00, 2500, 24, 53, 100000, 0, 0.00000, 0.01208, 0.00041, 0.00054, 0.00268, 0.00347, 0.00467, 0.00000, 0.02385, 4193105
0.00, 2500, 24, 54, 100000, 0, 0.00000, 0.01315, 0.00094, 0.00120, 0.00211, 0.00158, 0.00397, 0.00000, 0.02295, 4358016
0.00, 2500, 24, 55, 100000, 0, 0.00000, 0.01209, 0.00041, 0.00055, 0.00270, 0.00243, 0.00470, 0.00000, 0.02287, 4372335
0.00, 2500, 24, 56, 100000, 0, 0.00000, 0.01218, 0.00043, 0.00057, 0.00289, 0.00161, 0.00512, 0.00000, 0.02281, 4384654
0.00, 2500, 24, 57, 100000, 0, 0.00000, 0.01802, 0.00090, 0.00097, 0.00318, 0.00168, 0.00500, 0.00000, 0.02974, 3362100
0.00, 2500, 24, 58, 100000, 0, 0.00000, 0.01392, 0.00102, 0.00129, 0.00224, 0.00166, 0.00466, 0.00000, 0.02479, 4034408
0.00, 2500, 24, 59, 100000, 0, 0.00000, 0.01312, 0.00089, 0.00110, 0.00217, 0.00155, 0.00452, 0.00000, 0.02334, 4285040
0.00, 2500, 24, 60, 100000, 0, 0.00000, 0.01320, 0.00071, 0.00091, 0.00274, 0.00163, 0.00462, 0.00000, 0.02380, 4201613
0.00, 2500, 24, 61, 100000, 0, 0.00000, 0.01376, 0.00104, 0.00090, 0.00272, 0.00163, 0.00477, 0.00000, 0.02481, 4030966
0.00, 2500, 24, 62, 100000, 0, 0.00000, 0.01447, 0.00105, 0.00130, 0.00263, 0.00167, 0.00458, 0.00000, 0.02569, 3892892
0.00, 2500, 24, 63, 100000, 0, 0.00000, 0.01222, 0.00044, 0.00058, 0.00283, 0.00162, 0.00453, 0.00000, 0.02222, 4501006
0.00, 2500, 24, 64, 100000, 0, 0.00000, 0.01331, 0.00076, 0.00091, 0.00228, 0.00158, 0.00460, 0.00000, 0.02344, 4266214
0.00, 2500, 24, 65, 100000, 0, 0.00000, 0.01365, 0.00101, 0.00129, 0.00220, 0.00246, 0.00404, 0.00000, 0.02465, 4056300
0.00, 2500, 24, 66, 100000, 0, 0.00000, 0.01223, 0.00045, 0.00058, 0.00271, 0.00246, 0.00471, 0.00000, 0.02316, 4318374
0.00, 2500, 24, 67, 100000, 0, 0.00000, 0.01332, 0.00104, 0.00126, 0.00272, 0.00162, 0.00471, 0.00000, 0.02467, 4053081
0.00, 2500, 24, 68, 100000, 0, 0.00000, 0.01387, 0.00093, 0.00119, 0.00272, 0.00197, 0.00437, 0.00000, 0.02505, 3991567
0.00, 2500, 24, 69, 100000, 0, 0.00000, 0.01283, 0.00080, 0.00103, 0.00213, 0.00159, 0.00487, 0.00000, 0.02324, 4302566
0.00, 2500, 24, 70, 100000, 0, 0.00000, 0.01433, 0.00071, 0.00090, 0.00249, 0.00157, 0.00415, 0.00000, 0.02416, 4138765
0.00, 2500, 24, 71, 100000, 0, 0.00000, 0.01549, 0.00074, 0.00093, 0.00228, 0.00244, 0.00434, 0.00000, 0.02623, 3812254
0.00, 2500, 24, 72, 100000, 0, 0.00000, 0.01599, 0.00076, 0.00097, 0.00302, 0.00171, 0.00464, 0.00000, 0.02709, 3691556
0.00, 2500, 24, 73, 100000, 0, 0.00000, 0.01352, 0.00071, 0.00090, 0.00237, 0.00174, 0.00420, 0.00000, 0.02343, 4267379
0.00, 2500, 24, 74, 100000, 0, 0.00000, 0.01303, 0.00072, 0.00081, 0.00252, 0.00175, 0.00405, 0.00000, 0.02288, 4370232
0.00, 2500, 24, 75, 100000, 0, 0.00000, 0.01290, 0.00056, 0.00080, 0.00215, 0.00242, 0.00532, 0.00000, 0.02415, 4140641
0.00, 2500, 24, 76, 100000, 0, 0.00000, 0.01344, 0.00072, 0.00091, 0.00233, 0.00164, 0.00465, 0.00000, 0.02368, 4223078
0.00, 2500, 24, 77, 100000, 0, 0.00000, 0.01278, 0.00102, 0.00101, 0.00252, 0.00247, 0.00464, 0.00000, 0.02444, 4091256
0.00, 2500, 24, 78, 100000, 0, 0.00000, 0.01319, 0.00074, 0.00096, 0.00229, 0.00164, 0.00469, 0.00000, 0.02351, 4253832
0.00, 2500, 24, 79, 100000, 0, 0.00000, 0.01310, 0.00073, 0.00091, 0.00212, 0.00158, 0.00395, 0.00000, 0.02239, 4466149
0.00, 2500, 24, 80, 100000, 0, 0.00000, 0.01355, 0.00097, 0.00120, 0.00217, 0.01216, 0.00415, 0.00000, 0.03420, 2924220
0.00, 2500, 24, 81, 100000, 0, 0.00000, 0.01243, 0.00054, 0.00066, 0.00260, 0.00162, 0.00448, 0.00000, 0.02233, 4478480
0.00, 2500, 24, 82, 100000, 0, 0.00000, 0.01364, 0.00105, 0.00129, 0.00228, 0.00158, 0.00410, 0.00000, 0.02394, 4177094
0.00, 2500, 24, 83, 100000, 0, 0.00000, 0.01243, 0.00060, 0.00068, 0.00202, 0.00163, 0.00450, 0.00000, 0.02185, 4576168
0.00, 2500, 24, 84, 100000, 0, 0.00000, 0.01300, 0.00114, 0.00092, 0.00265, 0.00176, 0.00485, 0.00000, 0.02433, 4109890
0.00, 2500, 24, 85, 100000, 0, 0.00000, 0.01346, 0.00099, 0.00119, 0.00217, 0.00160, 0.00480, 0.00000, 0.02421, 4130729
0.00, 2500, 24, 86, 100000, 0, 0.00000, 0.01328, 0.00076, 0.00095, 0.00223, 0.00192, 0.00460, 0.00000, 0.02374, 4211855
0.00, 2500, 24, 87, 100000, 0, 0.00000, 0.01332, 0.00084, 0.00081, 0.00227, 0.00162, 0.00406, 0.00000, 0.02292, 4362588
0.00, 2500, 24, 88, 100000, 0, 0.00000, 0.01300, 0.00075, 0.00086, 0.00251, 0.00162, 0.00472, 0.00000, 0.02346, 4261874
0.00, 2500, 24, 89, 100000, 0, 0.00000, 0.01320, 0.00075, 0.00091, 0.00262, 0.00253, 0.00481, 0.00000, 0.02482, 4029645
0.00, 2500, 24, 90, 100000, 0, 0.00000, 0.01368, 0.00070, 0.00090, 0.00257, 0.00252, 0.00481, 0.00000, 0.02518, 3971962
0.00, 2500, 24, 91, 100000, 0, 0.00000, 0.01311, 0.00111, 0.00104, 0.00262, 0.00251, 0.00465, 0.00000, 0.02506, 3990988
0.00, 2500, 24, 92, 100000, 0, 0.00000, 0.01196, 0.00047, 0.00061, 0.00203, 0.00163, 0.00404, 0.00000, 0.02074, 4821264
0.00, 2500, 24, 93, 100000, 0, 0.00000, 0.01186, 0.00044, 0.00057, 0.00238, 0.00165, 0.00436, 0.00000, 0.02125, 4705717
0.00, 2500, 24, 94, 100000, 0, 0.00000, 0.01181, 0.00048, 0.00055, 0.00259, 0.00168, 0.00466, 0.00000, 0.02178, 4592412
0.00, 2500, 24, 95, 100000, 0, 0.00000, 0.01316, 0.00073, 0.00091, 0.00216, 0.00249, 0.00434, 0.00000, 0.02380, 4202292
0.00, 2500, 24, 96, 100000, 0, 0.00000, 0.01271, 0.00116, 0.00141, 0.00269, 0.00170, 0.00492, 0.00000, 0.02459, 4066824
0.00, 2500, 24, 97, 100000, 0, 0.00000, 0.01299, 0.00087, 0.00110, 0.00270, 0.00246, 0.00467, 0.00000, 0.02480, 4032907
0.00, 2500, 24, 98, 100000, 0, 0.00000, 0.01334, 0.00071, 0.00091, 0.00291, 0.00245, 0.00494, 0.00000, 0.02527, 3957726
0.00, 2500, 24, 99, 100000, 0, 0.00000, 0.01327, 0.00070, 0.00091, 0.00227, 0.00165, 0.00411, 0.00000, 0.02292, 4363406
0.00, 2500, 24, 100, 100000, 0, 0.00000, 0.01219, 0.00047, 0.00058, 0.00271, 0.00215, 0.00484, 0.00000, 0.02295, 4357723
0.00, 2500, 24, total, 10000000,, 0.00000, 1.60411, 0.07734, 0.09237, 0.24420, 0.20114, 0.68081, 0.00001, 2.89997, 3448313.50000
