zipfian_const, NR_DPUS, NR_TASKLETS, batch_num, num_keys, max_query_num, preprocess_time1, preprocess_time2, migration_plan_time, migration_time, send_time, execution_time, receive_result_time, merge_time, batch_time, throughput
0.00, 2500, 24, 1, 100000, 0, 0.00000, 0.31502, 0.00046, 0.00043, 0.00196, 0.00309, 0.00730, 0.00000, 0.32826, 304640
0.00, 2500, 24, 2, 100000, 0, 0.00000, 0.01307, 0.00046, 0.01657, 0.00351, 0.00304, 0.00780, 0.00000, 0.04446, 2249439
0.00, 2500, 24, 3, 100000, 0, 0.00000, 0.01562, 0.00075, 0.02402, 0.00264, 0.00312, 0.00742, 0.00000, 0.05356, 1867084
0.00, 2500, 24, 4, 100000, 0, 0.00000, 0.01649, 0.00067, 0.02352, 0.00249, 0.00322, 0.00837, 0.00000, 0.05476, 1826271
0.00, 2500, 24, 5, 100000, 0, 0.00000, 0.01417, 0.00061, 0.02568, 0.00243, 0.00313, 0.00708, 0.00000, 0.05311, 1882925
0.00, 2500, 24, 6, 100000, 0, 0.00000, 0.01309, 0.00043, 0.04732, 0.00260, 0.00312, 0.00792, 0.00000, 0.07448, 1342709
0.00, 2500, 24, 7, 100000, 0, 0.00000, 0.01602, 0.00073, 0.05102, 0.00286, 0.00315, 0.00790, 0.00000, 0.08168, 1224288
0.00, 2500, 24, 8, 100000, 0, 0.00000, 0.01549, 0.00091, 0.05067, 0.00268, 0.00318, 0.00779, 0.00000, 0.08072, 1238802
0.00, 2500, 24, 9, 100000, 0, 0.00000, 0.01609, 0.00073, 0.05372, 0.00271, 0.00313, 0.00784, 0.00000, 0.08422, 1187376
0.00, 2500, 24, 10, 100000, 0, 0.00000, 0.01501, 0.00091, 0.05255, 0.00244, 0.00316, 0.00738, 0.00000, 0.08145, 1227736
0.00, 2500, 24, 11, 100000, 0, 0.00000, 0.01341, 0.00044, 0.04771, 0.00257, 0.00318, 0.00771, 0.00000, 0.07502, 1332922
0.00, 2500, 24, 12, 100000, 0, 0.00000, 0.01526, 0.00091, 0.05175, 0.00270, 0.00312, 0.00760, 0.00000, 0.08134, 1229346
0.00, 2500, 24, 13, 100000, 0, 0.00000, 0.01561, 0.00077, 0.05155, 0.00303, 0.00326, 0.00782, 0.00000, 0.08203, 1219048
0.00, 2500, 24, 14, 100000, 0, 0.00000, 0.01591, 0.00083, 0.05265, 0.00251, 0.00310, 0.00798, 0.00000, 0.08298, 1205046
0.00, 2500, 24, 15, 100000, 0, 0.00000, 0.01618, 0.00074, 0.05159, 0.00246, 0.00333, 0.00757, 0.00000, 0.08187, 1221376
0.00, 2500, 24, 16, 100000, 0, 0.00000, 0.01655, 0.00079, 0.05214, 0.00236, 0.00330, 0.00759, 0.00000, 0.08273, 1208804
0.00, 2500, 24, 17, 100000, 0, 0.00000, 0.01627, 0.00070, 0.05155, 0.00258, 0.00312, 0.00749, 0.00000, 0.08172, 1223707
0.00, 2500, 24, 18, 100000, 0, 0.00000, 0.01599, 0.00082, 0.05155, 0.00261, 0.00312, 0.00765, 0.00000, 0.08173, 1223612
0.00, 2500, 24, 19, 100000, 0, 0.00000, 0.01577, 0.00060, 0.04923, 0.00240, 0.00321, 0.00755, 0.00000, 0.07875, 1269814
0.00, 2500, 24, 20, 100000, 0, 0.00000, 0.01596, 0.00074, 0.05372, 0.00253, 0.00317, 0.00732, 0.00000, 0.08344, 1198442
0.00, 2500, 24, 21, 100000, 0, 0.00000, 0.01589, 0.00059, 0.05171, 0.00268, 0.00308, 0.00763, 0.00000, 0.08158, 1225721
0.00, 2500, 24, 22, 100000, 0, 0.00000, 0.01580, 0.00095, 0.05223, 0.00271, 0.00308, 0.00741, 0.00000, 0.08218, 1216840
0.00, 2500, 24, 23, 100000, 0, 0.00000, 0.01577, 0.00076, 0.05089, 0.00243, 0.00310, 0.00759, 0.00000, 0.08054, 1241575
0.00, 2500, 24, 24, 100000, 0, 0.00000, 0.01602, 0.00081, 0.05118, 0.00229, 0.00326, 0.00771, 0.00000, 0.08127, 1230452
0.00, 2500, 24, 25, 100000, 0, 0.00000, 0.01673, 0.00075, 0.05191, 0.00314, 0.00325, 0.00785, 0.00000, 0.08364, 1195655
0.00, 2500, 24, 26, 100000, 0, 0.00000, 0.01638, 0.00094, 0.05162, 0.00242, 0.00316, 0.00755, 0.00000, 0.08206, 1218581
0.00, 2500, 24, 27, 100000, 0, 0.00000, 0.01694, 0.00071, 0.05187, 0.00246, 0.00313, 0.00784, 0.00000, 0.08295, 1205498
0.00, 2500, 24, 28, 100000, 0, 0.00000, 0.01609, 0.00101, 0.05348, 0.00253, 0.00316, 0.00760, 0.00000, 0.08387, 1192356
0.00, 2500, 24, 29, 100000, 0, 0.00000, 0.01566, 0.00060, 0.04922, 0.00247, 0.00310, 0.00772, 0.00000, 0.07877, 1269567
0.00, 2500, 24, 30, 100000, 0, 0.00000, 0.01808, 0.00075, 0.05144, 0.00243, 0.00312, 0.00721, 0.00000, 0.08304, 1204167
0.00, 2500, 24, 31, 100000, 0, 0.00000, 0.01768, 0.00078, 0.04869, 0.00219, 0.00313, 0.00652, 0.00000, 0.07899, 1266032
0.00, 2500, 24, 32, 100000, 0, 0.00000, 0.01248, 0.00056, 0.04692, 0.00243, 0.00318, 0.00765, 0.00000, 0.07321, 1365858
0.00, 2500, 24, 33, 100000, 0, 0.00000, 0.01870, 0.00078, 0.05224, 0.00229, 0.00317, 0.00645, 0.00000, 0.08363, 1195704
0.00, 2500, 24, 34, 100000, 0, 0.00000, 0.01336, 0.00049, 0.04713, 0.00209, 0.00321, 0.00742, 0.00000, 0.07370, 1356924
0.00, 2500, 24, 35, 100000, 0, 0.00000, 0.01718, 0.00044, 0.04905, 0.00210, 0.00314, 0.00685, 0.00000, 0.07877, 1269520
0.00, 2500, 24, 36, 100000, 0, 0.00000, 0.01898, 0.00047, 0.05260, 0.00246, 0.00311, 0.00722, 0.00000, 0.08484, 1178679
0.00, 2500, 24, 37, 100000, 0, 0.00000, 0.01595, 0.00077, 0.04980, 0.00244, 0.00311, 0.00756, 0.00000, 0.07963, 1255846
0.00, 2500, 24, 38, 100000, 0, 0.00000, 0.01915, 0.00071, 0.05030, 0.00242, 0.00325, 0.00669, 0.00000, 0.08252, 1211816
0.00, 2500, 24, 39, 100000, 0, 0.00000, 0.01935, 0.00051, 0.05089, 0.00223, 0.00304, 0.00665, 0.00000, 0.08267, 1209664
0.00, 2500, 24, 40, 100000, 0, 0.00000, 0.01260, 0.00078, 0.04841, 0.00215, 0.00315, 0.00747, 0.00000, 0.07455, 1341293
0.00, 2500, 24, 41, 100000, 0, 0.00000, 0.01541, 0.00047, 0.04940, 0.00273, 0.00318, 0.00787, 0.00000, 0.07907, 1264745
0.00, 2500, 24, 42, 100000, 0, 0.00000, 0.02405, 0.00079, 0.05271, 0.00290, 0.00313, 0.00718, 0.00000, 0.09076, 1101826
0.00, 2500, 24, 43, 100000, 0, 0.00000, 0.02127, 0.00081, 0.05131, 0.00244, 0.00322, 0.00766, 0.00000, 0.08671, 1153276
0.00, 2500, 24, 44, 100000, 0, 0.00000, 0.01963, 0.00082, 0.04954, 0.00291, 0.00317, 0.00815, 0.00000, 0.08422, 1187396
0.00, 2500, 24, 45, 100000, 0, 0.00000, 0.01824, 0.00102, 0.05530, 0.00265, 0.00313, 0.00686, 0.00000, 0.08722, 1146518
0.00, 2500, 24, 46, 100000, 0, 0.00000, 0.01930, 0.00102, 0.05233, 0.00206, 0.00305, 0.00600, 0.00000, 0.08377, 1193769
0.00, 2500, 24, 47, 100000, 0, 0.00000, 0.01581, 0.00048, 0.04961, 0.00256, 0.00348, 0.00783, 0.00000, 0.07978, 1253404
0.00, 2500, 24, 48, 100000, 0, 0.00000, 0.01871, 0.00079, 0.05162, 0.00228, 0.00322, 0.00689, 0.00000, 0.08352, 1197338
0.00, 2500, 24, 49, 100000, 0, 0.00000, 0.01882, 0.00086, 0.05225, 0.00222, 0.00308, 0.00692, 0.00000, 0.08416, 1188277
0.00, 2500, 24, 50, 100000, 0, 0.00000, 0.01574, 0.00054, 0.04985, 0.00253, 0.00320, 0.00759, 0.00000, 0.07945, 1258579
0.00, 2500, 24, 51, 100000, 0, 0.00000, 0.01817, 0.00085, 0.05233, 0.00249, 0.00319, 0.00719, 0.00000, 0.08422, 1187396
0.00, 2500, 24, 52, 100000, 0, 0.00000, 0.01859, 0.00080, 0.05166, 0.00244, 0.00331, 0.00694, 0.00000, 0.08374, 1194186
0.00, 2500, 24, 53, 100000, 0, 0.00000, 0.01339, 0.00077, 0.04807, 0.00260, 0.00320, 0.00771, 0.00000, 0.07575, 1320191
0.00, 2500, 24, 54, 100000, 0, 0.00000, 0.01462, 0.00058, 0.04873, 0.00213, 0.00322, 0.00674, 0.00000, 0.07603, 1315342
0.00, 2500, 24, 55, 100000, 0, 0.00000, 0.01693, 0.00046, 0.04879, 0.00212, 0.00303, 0.00651, 0.00000, 0.07784, 1284666
0.00, 2500, 24, 56, 100000, 0, 0.00000, 0.01353, 0.00059, 0.04769, 0.00255, 0.00319, 0.00728, 0.00000, 0.07482, 1336457
0.00, 2500, 24, 57, 100000, 0, 0.00000, 0.01769, 0.00048, 0.04823, 0.00209, 0.00315, 0.00600, 0.00000, 0.07765, 1287910
0.00, 2500, 24, 58, 100000, 0, 0.00000, 0.01196, 0.00052, 0.04740, 0.00264, 0.00550, 0.00776, 0.00000, 0.07578, 1319683
0.00, 2500, 24, 59, 100000, 0, 0.00000, 0.01742, 0.00088, 0.05244, 0.00225, 0.00312, 0.00703, 0.00000, 0.08313, 1202995
0.00, 2500, 24, 60, 100000, 0, 0.00000, 0.01925, 0.00044, 0.04823, 0.00241, 0.00318, 0.00696, 0.00000, 0.08047, 1242652
0.00, 2500, 24, 61, 100000, 0, 0.00000, 0.01605, 0.00093, 0.05294, 0.00253, 0.00555, 0.00773, 0.00000, 0.08573, 1166446
0.00, 2500, 24, 62, 100000, 0, 0.00000, 0.02118, 0.00072, 0.05157, 0.00265, 0.00327, 0.00767, 0.00000, 0.08708, 1148366
0.00, 2500, 24, 63, 100000, 0, 0.00000, 0.01852, 0.00084, 0.05477, 0.00224, 0.00312, 0.00641, 0.00000, 0.08590, 1164180
0.00, 2500, 24, 64, 100000, 0, 0.00000, 0.01270, 0.00048, 0.04803, 0.00217, 0.00488, 0.00731, 0.00000, 0.07557, 1323235
0.00, 2500, 24, 65, 100000, 0, 0.00000, 0.01577, 0.00058, 0.05358, 0.00286, 0.00331, 0.00779, 0.00000, 0.08388, 1192121
0.00, 2500, 24, 66, 100000, 0, 0.00000, 0.01553, 0.00078, 0.04872, 0.00270, 0.00322, 0.00784, 0.00000, 0.07879, 1269223
0.00, 2500, 24, 67, 100000, 0, 0.00000, 0.01754, 0.00082, 0.05549, 0.00240, 0.00424, 0.00779, 0.00000, 0.08828, 1132765
0.00, 2500, 24, 68, 100000, 0, 0.00000, 0.01712, 0.00073, 0.05243, 0.00258, 0.00329, 0.00773, 0.00000, 0.08387, 1192376
0.00, 2500, 24, 69, 100000, 0, 0.00000, 0.01697, 0.00078, 0.05277, 0.00276, 0.00319, 0.00767, 0.00000, 0.08413, 1188648
0.00, 2500, 24, 70, 100000, 0, 0.00000, 0.01592, 0.00105, 0.05257, 0.00273, 0.00317, 0.00800, 0.00000, 0.08344, 1198426
0.00, 2500, 24, 71, 100000, 0, 0.00000, 0.01600, 0.00078, 0.05224, 0.00249, 0.00323, 0.00788, 0.00000, 0.08262, 1210397
0.00, 2500, 24, 72, 100000, 0, 0.00000, 0.01618, 0.00097, 0.05240, 0.00257, 0.00493, 0.00770, 0.00000, 0.08475, 1179973
0.00, 2500, 24, 73, 100000, 0, 0.00000, 0.01616, 0.00082, 0.05202, 0.00250, 0.00373, 0.00763, 0.00000, 0.08285, 1207047
0.00, 2500, 24, 74, 100000, 0, 0.00000, 0.01904, 0.00062, 0.05147, 0.00264, 0.00320, 0.00744, 0.00000, 0.08441, 1184642
0.00, 2500, 24, 75, 100000, 0, 0.00000, 0.01865, 0.00081, 0.05266, 0.00242, 0.00313, 0.00696, 0.00000, 0.08464, 1181510
0.00, 2500, 24, 76, 100000, 0, 0.00000, 0.01574, 0.00064, 0.05047, 0.00246, 0.00322, 0.00776, 0.00000, 0.08029, 1245456
0.00, 2500, 24, 77, 100000, 0, 0.00000, 0.01589, 0.00077, 0.05197, 0.00277, 0.00329, 0.00777, 0.00000, 0.08244, 1213009
0.00, 2500, 24, 78, 100000, 0, 0.00000, 0.01545, 0.00077, 0.05196, 0.00242, 0.00315, 0.00747, 0.00000, 0.08120, 1231460
0.00, 2500, 24, 79, 100000, 0, 0.00000, 0.01369, 0.00053, 0.04855, 0.00214, 0.00329, 0.00698, 0.00000, 0.07517, 1330284
0.00, 2500, 24, 80, 100000, 0, 0.00000, 0.01551, 0.00050, 0.05311, 0.00263, 0.00329, 0.00799, 0.00000, 0.08303, 1204316
0.00, 2500, 24, 81, 100000, 0, 0.00000, 0.01618, 0.00079, 0.05148, 0.00242, 0.00321, 0.00752, 0.00000, 0.08160, 1225471
0.00, 2500, 24, 82, 100000, 0, 0.00000, 0.01477, 0.00078, 0.04907, 0.00285, 0.00322, 0.00785, 0.00000, 0.07854, 1273253
0.00, 2500, 24, 83, 100000, 0, 0.00000, 0.01537, 0.00095, 0.04921, 0.00236, 0.00323, 0.00732, 0.00000, 0.07844, 1274872
0.00, 2500, 24, 84, 100000, 0, 0.00000, 0.01476, 0.00067, 0.04980, 0.00268, 0.00322, 0.00796, 0.00000, 0.07909, 1264420
0.00, 2500, 24, 85, 100000, 0, 0.00000, 0.01569, 0.00094, 0.05293, 0.00258, 0.00331, 0.00755, 0.00000, 0.08301, 1204709
0.00, 2500, 24, 86, 100000, 0, 0.00000, 0.01574, 0.00071, 0.05292, 0.00237, 0.00339, 0.00768, 0.00000, 0.08280, 1207664
0.00, 2500, 24, 87, 100000, 0, 0.00000, 0.01843, 0.00093, 0.05180, 0.00246, 0.00315, 0.00691, 0.00000, 0.08367, 1195109
0.00, 2500, 24, 88, 100000, 0, 0.00000, 0.02087, 0.00065, 0.05209, 0.00227, 0.00342, 0.00777, 0.00000, 0.08707, 1148496
0.00, 2500, 24, 89, 100000, 0, 0.00000, 0.02014, 0.00075, 0.05263, 0.00237, 0.00326, 0.00768, 0.00000, 0.08683, 1151659
0.00, 2500, 24, 90, 100000, 0, 0.00000, 0.02033, 0.00081, 0.05141, 0.00270, 0.00323, 0.00803, 0.00000, 0.08651, 1155995
0.00, 2500, 24, 91, 100000, 0, 0.00000, 0.01985, 0.00081, 0.05184, 0.00254, 0.00325, 0.00787, 0.00000, 0.08615, 1160732
0.00, 2500, 24, 92, 100000, 0, 0.00000, 0.01890, 0.00081, 0.05208, 0.00239, 0.00337, 0.00747, 0.00000, 0.08501, 1176342
0.00, 2500, 24, 93, 100000, 0, 0.00000, 0.01855, 0.00074, 0.05135, 0.00288, 0.00561, 0.00767, 0.00000, 0.08681, 1151980
0.00, 2500, 24, 94, 100000, 0, 0.00000, 0.02043, 0.00074, 0.05166, 0.00248, 0.00332, 0.00786, 0.00000, 0.08649, 1156181
0.00, 2500, 24, 95, 100000, 0, 0.00000, 0.02134, 0.00080, 0.05341, 0.00277, 0.00333, 0.00801, 0.00000, 0.08967, 1115219
0.00, 2500, 24, 96, 100000, 0, 0.00000, 0.02157, 0.00096, 0.05480, 0.00282, 0.00332, 0.00815, 0.00000, 0.09163, 1091375
0.00, 2500, 24, 97, 100000, 0, 0.00000, 0.02316, 0.00080, 0.05314, 0.00239, 0.00319, 0.00705, 0.00000, 0.08973, 1114456
0.00, 2500, 24, 98, 100000, 0, 0.00000, 0.01955, 0.00076, 0.05035, 0.00277, 0.00322, 0.00782, 0.00000, 0.08446, 1183960
0.00, 2500, 24, 99, 100000, 0, 0.00000, 0.01988, 0.00081, 0.05232, 0.00245, 0.00348, 0.00753, 0.00000, 0.08648, 1156334
0.00, 2500, 24, 100, 100000, 0, 0.00000, 0.01573, 0.00077, 0.05172, 0.00273, 0.00340, 0.00776, 0.00000, 0.08211, 1217930
0.00, 2500, 24, total, 10000000,, 0.00000, 1.98512, 0.07305, 4.95372, 0.25137, 0.33197, 0.74774, 0.00001, 8.34297, 1198614.00000
