zipfian_const, NR_DPUS, NR_TASKLETS, batch_num, num_keys, max_query_num, preprocess_time1, preprocess_time2, migration_plan_time, migration_time, send_time, execution_time, receive_result_time, merge_time, batch_time, throughput
0.00, 2500, 24, 1, 100000, 0, 0.00000, 0.27232, 0.00086, 0.00073, 0.00188, 0.00155, 0.23854, 0.00000, 0.51588, 193844
0.00, 2500, 24, 2, 100000, 0, 0.00000, 0.01671, 0.00060, 0.01950, 0.00242, 0.00162, 0.00484, 0.00000, 0.04569, 2188804
0.00, 2500, 24, 3, 100000, 0, 0.00000, 0.01640, 0.00097, 0.02413, 0.00274, 0.00168, 0.00463, 0.00000, 0.05056, 1977701
0.00, 2500, 24, 4, 100000, 0, 0.00000, 0.01359, 0.00077, 0.02110, 0.00229, 0.00249, 0.00418, 0.00000, 0.04442, 2251060
0.00, 2500, 24, 5, 100000, 0, 0.00000, 0.01247, 0.00060, 0.01799, 0.00213, 0.00168, 0.00461, 0.00000, 0.03949, 2532369
0.00, 2500, 24, 6, 100000, 0, 0.00000, 0.01381, 0.00098, 0.02153, 0.00281, 0.00205, 0.00459, 0.00000, 0.04576, 2185253
0.00, 2500, 24, 7, 100000, 0, 0.00000, 0.01525, 0.00101, 0.02195, 0.00225, 0.00252, 0.00481, 0.00000, 0.04779, 2092404
0.00, 2500, 24, 8, 100000, 0, 0.00000, 0.01449, 0.00108, 0.02206, 0.00294, 0.00167, 0.00460, 0.00000, 0.04686, 2134036
0.00, 2500, 24, 9, 100000, 0, 0.00000, 0.01596, 0.00102, 0.02072, 0.00267, 0.00250, 0.00558, 0.00000, 0.04846, 2063636
0.00, 2500, 24, 10, 100000, 0, 0.00000, 0.01436, 0.00121, 0.02359, 0.00258, 0.00160, 0.00479, 0.00000, 0.04813, 2077625
0.00, 2500, 24, 11, 100000, 0, 0.00000, 0.01384, 0.00077, 0.01986, 0.00205, 0.00160, 0.00488, 0.00000, 0.04300, 2325439
0.00, 2500, 24, 12, 100000, 0, 0.00000, 0.01620, 0.00096, 0.02258, 0.00255, 0.00163, 0.00459, 0.00000, 0.04852, 2061204
0.00, 2500, 24, 13, 100000, 0, 0.00000, 0.01301, 0.00096, 0.01955, 0.00235, 0.00163, 0.00422, 0.00000, 0.04172, 2396845
0.00, 2500, 24, 14, 100000, 0, 0.00000, 0.01595, 0.00084, 0.01983, 0.00269, 0.00166, 0.00464, 0.00000, 0.04562, 2192200
0.00, 2500, 24, 15, 100000, 0, 0.00000, 0.01561, 0.00078, 0.02206, 0.00249, 0.00257, 0.00427, 0.00000, 0.04778, 2093069
0.00, 2500, 24, 16, 100000, 0, 0.00000, 0.01482, 0.00059, 0.02020, 0.00306, 0.00169, 0.00456, 0.00000, 0.04493, 2225929
0.00, 2500, 24, 17, 100000, 0, 0.00000, 0.01866, 0.00088, 0.02068, 0.00205, 0.00165, 0.00442, 0.00000, 0.04834, 2068482
0.00, 2500, 24, 18, 100000, 0, 0.00000, 0.01784, 0.00064, 0.01893, 0.00211, 0.00163, 0.00419, 0.00000, 0.04534, 2205436
0.00, 2500, 24, 19, 100000, 0, 0.00000, 0.01726, 0.00058, 0.01824, 0.00222, 0.00258, 0.00464, 0.00000, 0.04553, 2196511
0.00, 2500, 24, 20, 100000, 0, 0.00000, 0.01775, 0.00086, 0.02031, 0.00218, 0.00248, 0.00489, 0.00000, 0.04847, 2063028
0.00, 2500, 24, 21, 100000, 0, 0.00000, 0.01802, 0.00105, 0.02057, 0.00256, 0.00172, 0.00552, 0.00000, 0.04944, 2022828
0.00, 2500, 24, 22, 100000, 0, 0.00000, 0.01744, 0.00079, 0.02014, 0.00285, 0.00273, 0.00592, 0.00000, 0.04986, 2005457
0.00, 2500, 24, 23, 100000, 0, 0.00000, 0.01815, 0.00114, 0.02034, 0.00221, 0.00167, 0.00405, 0.00000, 0.04757, 2102328
0.00, 2500, 24, 24, 100000, 0, 0.00000, 0.01738, 0.00063, 0.01873, 0.00229, 0.00159, 0.00398, 0.00000, 0.04460, 2242227
0.00, 2500, 24, 25, 100000, 0, 0.00000, 0.01714, 0.00057, 0.01852, 0.00268, 0.00248, 0.00582, 0.00000, 0.04719, 2119051
0.00, 2500, 24, 26, 100000, 0, 0.00000, 0.02089, 0.00072, 0.02307, 0.00224, 0.00167, 0.00568, 0.00000, 0.05427, 1842542
0.00, 2500, 24, 27, 100000, 0, 0.00000, 0.02087, 0.00084, 0.02492, 0.00270, 0.00251, 0.00470, 0.00000, 0.05655, 1768252
0.00, 2500, 24, 28, 100000, 0, 0.00000, 0.01934, 0.00077, 0.02250, 0.00223, 0.00252, 0.00465, 0.00000, 0.05201, 1922600
0.00, 2500, 24, 29, 100000, 0, 0.00000, 0.01843, 0.00095, 0.02051, 0.00227, 0.00247, 0.00444, 0.00000, 0.04906, 2038339
0.00, 2500, 24, 30, 100000, 0, 0.00000, 0.02206, 0.00070, 0.02282, 0.00242, 0.00169, 0.00429, 0.00000, 0.05397, 1853045
0.00, 2500, 24, 31, 100000, 0, 0.00000, 0.01846, 0.00070, 0.01921, 0.00263, 0.00167, 0.00584, 0.00000, 0.04851, 2061482
0.00, 2500, 24, 32, 100000, 0, 0.00000, 0.01801, 0.00081, 0.02050, 0.00217, 0.00161, 0.00581, 0.00000, 0.04890, 2044847
0.00, 2500, 24, 33, 100000, 0, 0.00000, 0.01756, 0.00083, 0.02012, 0.00199, 0.00361, 0.00442, 0.00000, 0.04854, 2060240
0.00, 2500, 24, 34, 100000, 0, 0.00000, 0.01683, 0.00065, 0.01866, 0.00260, 0.00163, 0.00400, 0.00000, 0.04436, 2254441
0.00, 2500, 24, 35, 100000, 0, 0.00000, 0.01856, 0.00086, 0.02021, 0.00210, 0.00201, 0.00564, 0.00000, 0.04938, 2025300
0.00, 2500, 24, 36, 100000, 0, 0.00000, 0.01786, 0.00098, 0.02002, 0.00207, 0.00264, 0.00483, 0.00000, 0.04840, 2066022
0.00, 2500, 24, 37, 100000, 0, 0.00000, 0.01823, 0.00091, 0.02106, 0.00206, 0.00162, 0.00472, 0.00000, 0.04860, 2057461
0.00, 2500, 24, 38, 100000, 0, 0.00000, 0.01890, 0.00086, 0.01999, 0.00225, 0.00267, 0.00466, 0.00000, 0.04933, 2026985
0.00, 2500, 24, 39, 100000, 0, 0.00000, 0.01980, 0.00092, 0.02394, 0.00244, 0.00266, 0.00431, 0.00000, 0.05407, 1849432
0.00, 2500, 24, 40, 100000, 0, 0.00000, 0.01793, 0.00069, 0.01933, 0.00281, 0.00170, 0.00464, 0.00000, 0.04711, 2122709
0.00, 2500, 24, 41, 100000, 0, 0.00000, 0.01584, 0.00104, 0.02381, 0.00253, 0.00263, 0.00426, 0.00000, 0.05012, 1995154
0.00, 2500, 24, 42, 100000, 0, 0.00000, 0.01287, 0.00070, 0.01875, 0.00236, 0.00358, 0.00575, 0.00000, 0.04401, 2271963
0.00, 2500, 24, 43, 100000, 0, 0.00000, 0.01287, 0.00079, 0.01961, 0.00209, 0.00261, 0.00477, 0.00000, 0.04274, 2339667
0.00, 2500, 24, 44, 100000, 0, 0.00000, 0.01443, 0.00064, 0.02214, 0.00230, 0.00272, 0.00454, 0.00000, 0.04676, 2138617
0.00, 2500, 24, 45, 100000, 0, 0.00000, 0.01583, 0.00096, 0.02320, 0.00255, 0.00252, 0.00446, 0.00000, 0.04952, 2019240
0.00, 2500, 24, 46, 100000, 0, 0.00000, 0.01354, 0.00070, 0.02119, 0.00216, 0.00202, 0.00415, 0.00000, 0.04376, 2285264
0.00, 2500, 24, 47, 100000, 0, 0.00000, 0.01251, 0.00050, 0.01770, 0.00220, 0.00254, 0.00469, 0.00000, 0.04015, 2490836
0.00, 2500, 24, 48, 100000, 0, 0.00000, 0.01315, 0.00087, 0.01968, 0.00220, 0.00249, 0.00396, 0.00000, 0.04236, 2360844
0.00, 2500, 24, 49, 100000, 0, 0.00000, 0.01246, 0.00061, 0.01801, 0.00203, 0.00156, 0.00499, 0.00000, 0.03966, 2521382
0.00, 2500, 24, 50, 100000, 0, 0.00000, 0.01592, 0.00099, 0.02241, 0.00281, 0.00170, 0.00478, 0.00000, 0.04862, 2056771
0.00, 2500, 24, 51, 100000, 0, 0.00000, 0.01266, 0.00086, 0.02167, 0.00225, 0.00247, 0.00408, 0.00000, 0.04399, 2273185
0.00, 2500, 24, 52, 100000, 0, 0.00000, 0.01374, 0.00091, 0.02031, 0.00232, 0.00166, 0.00428, 0.00000, 0.04321, 2314118
0.00, 2500, 24, 53, 100000, 0, 0.00000, 0.01237, 0.00053, 0.01775, 0.00248, 0.00163, 0.00457, 0.00000, 0.03932, 2543189
0.00, 2500, 24, 54, 100000, 0, 0.00000, 0.01649, 0.00088, 0.02067, 0.00272, 0.00165, 0.00477, 0.00000, 0.04718, 2119690
0.00, 2500, 24, 55, 100000, 0, 0.00000, 0.01649, 0.00104, 0.02334, 0.00239, 0.00167, 0.00457, 0.00000, 0.04949, 2020526
0.00, 2500, 24, 56, 100000, 0, 0.00000, 0.01343, 0.00105, 0.01979, 0.00200, 0.00166, 0.00485, 0.00000, 0.04278, 2337569
0.00, 2500, 24, 57, 100000, 0, 0.00000, 0.01629, 0.00086, 0.02386, 0.00269, 0.00172, 0.00508, 0.00000, 0.05050, 1980329
0.00, 2500, 24, 58, 100000, 0, 0.00000, 0.01579, 0.00115, 0.02431, 0.00262, 0.00163, 0.00477, 0.00000, 0.05027, 1989375
0.00, 2500, 24, 59, 100000, 0, 0.00000, 0.01202, 0.00099, 0.01998, 0.00235, 0.00167, 0.00491, 0.00000, 0.04192, 2385484
0.00, 2500, 24, 60, 100000, 0, 0.00000, 0.01456, 0.00097, 0.02192, 0.00222, 0.00253, 0.00465, 0.00000, 0.04685, 2134472
0.00, 2500, 24, 61, 100000, 0, 0.00000, 0.01310, 0.00089, 0.01992, 0.00280, 0.00166, 0.00445, 0.00000, 0.04282, 2335385
0.00, 2500, 24, 62, 100000, 0, 0.00000, 0.01287, 0.00081, 0.01961, 0.00206, 0.00165, 0.00480, 0.00000, 0.04180, 2392140
0.00, 2500, 24, 63, 100000, 0, 0.00000, 0.01530, 0.00085, 0.02087, 0.00220, 0.00249, 0.00509, 0.00000, 0.04681, 2136328
0.00, 2500, 24, 64, 100000, 0, 0.00000, 0.01389, 0.00085, 0.02091, 0.00237, 0.00159, 0.00403, 0.00000, 0.04364, 2291251
0.00, 2500, 24, 65, 100000, 0, 0.00000, 0.01561, 0.00056, 0.01944, 0.00245, 0.00180, 0.00482, 0.00000, 0.04468, 2238068
0.00, 2500, 24, 66, 100000, 0, 0.00000, 0.01450, 0.00085, 0.01942, 0.00230, 0.00249, 0.00511, 0.00000, 0.04466, 2238910
0.00, 2500, 24, 67, 100000, 0, 0.00000, 0.01548, 0.00084, 0.02351, 0.00225, 0.00160, 0.00485, 0.00000, 0.04854, 2060286
0.00, 2500, 24, 68, 100000, 0, 0.00000, 0.01446, 0.00094, 0.02222, 0.00240, 0.00253, 0.00456, 0.00000, 0.04712, 2122306
0.00, 2500, 24, 69, 100000, 0, 0.00000, 0.01652, 0.00091, 0.02238, 0.00240, 0.00249, 0.00436, 0.00000, 0.04906, 2038442
0.00, 2500, 24, 70, 100000, 0, 0.00000, 0.01265, 0.00072, 0.01861, 0.00286, 0.00174, 0.00420, 0.00000, 0.04077, 2452696
0.00, 2500, 24, 71, 100000, 0, 0.00000, 0.01266, 0.00053, 0.01812, 0.00277, 0.00167, 0.00455, 0.00000, 0.04030, 2481358
0.00, 2500, 24, 72, 100000, 0, 0.00000, 0.01605, 0.00059, 0.02026, 0.00249, 0.00174, 0.00454, 0.00000, 0.04567, 2189758
0.00, 2500, 24, 73, 100000, 0, 0.00000, 0.01512, 0.00113, 0.02224, 0.00249, 0.00157, 0.00463, 0.00000, 0.04718, 2119681
0.00, 2500, 24, 74, 100000, 0, 0.00000, 0.01198, 0.00096, 0.02008, 0.00277, 0.00172, 0.00470, 0.00000, 0.04220, 2369634
0.00, 2500, 24, 75, 100000, 0, 0.00000, 0.01311, 0.00084, 0.01891, 0.00251, 0.00157, 0.00454, 0.00000, 0.04147, 2411371
0.00, 2500, 24, 76, 100000, 0, 0.00000, 0.01547, 0.00102, 0.02035, 0.00248, 0.00160, 0.00438, 0.00000, 0.04530, 2207496
0.00, 2500, 24, 77, 100000, 0, 0.00000, 0.01517, 0.00103, 0.02321, 0.00230, 0.00222, 0.00466, 0.00000, 0.04858, 2058257
0.00, 2500, 24, 78, 100000, 0, 0.00000, 0.01341, 0.00111, 0.01974, 0.00198, 0.00160, 0.00417, 0.00000, 0.04200, 2380818
0.00, 2500, 24, 79, 100000, 0, 0.00000, 0.01492, 0.00087, 0.02300, 0.00212, 0.00258, 0.00475, 0.00000, 0.04825, 2072470
0.00, 2500, 24, 80, 100000, 0, 0.00000, 0.01536, 0.00089, 0.02356, 0.00215, 0.00255, 0.00444, 0.00000, 0.04895, 2043084
0.00, 2500, 24, 81, 100000, 0, 0.00000, 0.01887, 0.00095, 0.02052, 0.00258, 0.00249, 0.00495, 0.00000, 0.05035, 1986228
0.00, 2500, 24, 82, 100000, 0, 0.00000, 0.01790, 0.00112, 0.02066, 0.00217, 0.00174, 0.00434, 0.00000, 0.04793, 2086262
0.00, 2500, 24, 83, 100000, 0, 0.00000, 0.01942, 0.00080, 0.02184, 0.00245, 0.00247, 0.00411, 0.00000, 0.05108, 1957715
0.00, 2500, 24, 84, 100000, 0, 0.00000, 0.01729, 0.00069, 0.01937, 0.00201, 0.00163, 0.00404, 0.00000, 0.04502, 2221274
0.00, 2500, 24, 85, 100000, 0, 0.00000, 0.01702, 0.00063, 0.01821, 0.00214, 0.00164, 0.00472, 0.00000, 0.04437, 2253966
0.00, 2500, 24, 86, 100000, 0, 0.00000, 0.01754, 0.00106, 0.02028, 0.00204, 0.00168, 0.00404, 0.00000, 0.04665, 2143407
0.00, 2500, 24, 87, 100000, 0, 0.00000, 0.01921, 0.00062, 0.02254, 0.00238, 0.01412, 0.00483, 0.00000, 0.06372, 1569441
0.00, 2500, 24, 88, 100000, 0, 0.00000, 0.01674, 0.00087, 0.02006, 0.00203, 0.00157, 0.00409, 0.00000, 0.04536, 2204357
0.00, 2500, 24, 89, 100000, 0, 0.00000, 0.01646, 0.00056, 0.01832, 0.00222, 0.00160, 0.00463, 0.00000, 0.04379, 2283422
0.00, 2500, 24, 90, 100000, 0, 0.00000, 0.01971, 0.00084, 0.02404, 0.00270, 0.00177, 0.00471, 0.00000, 0.05376, 1860008
0.00, 2500, 24, 91, 100000, 0, 0.00000, 0.01770, 0.00089, 0.01994, 0.00262, 0.00163, 0.00442, 0.00000, 0.04720, 2118520
0.00, 2500, 24, 92, 100000, 0, 0.00000, 0.01709, 0.00085, 0.02016, 0.00227, 0.00252, 0.00500, 0.00000, 0.04790, 2087780
0.00, 2500, 24, 93, 100000, 0, 0.00000, 0.02051, 0.00082, 0.02135, 0.00226, 0.00168, 0.00426, 0.00000, 0.05087, 1965893
0.00, 2500, 24, 94, 100000, 0, 0.00000, 0.01725, 0.00075, 0.01948, 0.00213, 0.00162, 0.00470, 0.00000, 0.04592, 2177475
0.00, 2500, 24, 95, 100000, 0, 0.00000, 0.01917, 0.00097, 0.02288, 0.00284, 0.00163, 0.00483, 0.00000, 0.05232, 1911220
0.00, 2500, 24, 96, 100000, 0, 0.00000, 0.01964, 0.00081, 0.02076, 0.00239, 0.00246, 0.00423, 0.00000, 0.05028, 1988671
0.00, 2500, 24, 97, 100000, 0, 0.00000, 0.01965, 0.00084, 0.02220, 0.00276, 0.00172, 0.00459, 0.00000, 0.05176, 1931850
0.00, 2500, 24, 98, 100000, 0, 0.00000, 0.01989, 0.00084, 0.04623, 0.00245, 0.00175, 0.00476, 0.00000, 0.07590, 1317494
0.00, 2500, 24, 99, 100000, 0, 0.00000, 0.01956, 0.00087, 0.05165, 0.00239, 0.00157, 0.00420, 0.00000, 0.08023, 1246362
0.00, 2500, 24, 100, 100000, 0, 0.00000, 0.02000, 0.00079, 0.05042, 0.00275, 0.00163, 0.00461, 0.00000, 0.08020, 1246933
0.00, 2500, 24, total, 10000000,, 0.00000, 1.87965, 0.08415, 2.14804, 0.23906, 0.21181, 0.69894, 0.00001, 5.26166, 1900540.00000
