zipfian_const, NR_DPUS, NR_TASKLETS, batch_num, num_keys, max_query_num, preprocess_time1, preprocess_time2, migration_plan_time, migration_time, send_time, execution_time, receive_result_time, merge_time, batch_time, throughput
0.00, 2500, 24, 1, 100000, 0, 0.00000, 0.26929, 0.00057, 0.00046, 0.00199, 0.00353, 0.00363, 0.00000, 0.27949, 357801
0.00, 2500, 24, 2, 100000, 0, 0.00000, 0.00661, 0.00019, 0.02995, 0.00249, 0.00219, 0.00344, 0.00000, 0.04487, 2228856
0.00, 2500, 24, 3, 100000, 0, 0.00000, 0.00671, 0.00053, 0.03422, 0.00258, 0.00232, 0.00335, 0.00000, 0.04971, 2011739
0.00, 2500, 24, 4, 100000, 0, 0.00000, 0.00644, 0.00055, 0.03564, 0.00283, 0.00228, 0.00337, 0.00000, 0.05111, 1956653
0.00, 2500, 24, 5, 100000, 0, 0.00000, 0.00616, 0.00054, 0.10579, 0.00259, 0.00222, 0.00332, 0.00000, 0.12061, 829099
0.00, 2500, 24, 6, 100000, 0, 0.00000, 0.00738, 0.00054, 0.15419, 0.00273, 0.00228, 0.00350, 0.00000, 0.17061, 586131
0.00, 2500, 24, 7, 100000, 0, 0.00000, 0.00889, 0.00054, 0.15740, 0.00341, 0.00228, 0.00342, 0.00000, 0.17595, 568344
0.00, 2500, 24, 8, 100000, 0, 0.00000, 0.00700, 0.00055, 0.15331, 0.00264, 0.00245, 0.00340, 0.00000, 0.16934, 590524
0.00, 2500, 24, 9, 100000, 0, 0.00000, 0.00596, 0.00057, 0.15153, 0.00265, 0.00229, 0.00340, 0.00000, 0.16640, 600950
0.00, 2500, 24, 10, 100000, 0, 0.00000, 0.00633, 0.00054, 0.15193, 0.00231, 0.00223, 0.00330, 0.00000, 0.16663, 600120
0.00, 2500, 24, 11, 100000, 0, 0.00000, 0.00669, 0.00041, 0.15175, 0.00261, 0.00240, 0.00332, 0.00000, 0.16717, 598185
0.00, 2500, 24, 12, 100000, 0, 0.00000, 0.00718, 0.00054, 0.15427, 0.00259, 0.00226, 0.00369, 0.00000, 0.17053, 586398
0.00, 2500, 24, 13, 100000, 0, 0.00000, 0.00745, 0.00053, 0.15105, 0.00250, 0.00227, 0.00328, 0.00000, 0.16707, 598558
0.00, 2500, 24, 14, 100000, 0, 0.00000, 0.00680, 0.00053, 0.15048, 0.00266, 0.00225, 0.00337, 0.00000, 0.16610, 602050
0.00, 2500, 24, 15, 100000, 0, 0.00000, 0.00630, 0.00054, 0.15014, 0.00267, 0.00228, 0.00334, 0.00000, 0.16526, 605105
0.00, 2500, 24, 16, 100000, 0, 0.00000, 0.00575, 0.00053, 0.14846, 0.00265, 0.00222, 0.00342, 0.00000, 0.16303, 613389
0.00, 2500, 24, 17, 100000, 0, 0.00000, 0.00662, 0.00052, 0.14965, 0.00224, 0.00226, 0.00312, 0.00000, 0.16440, 608256
0.00, 2500, 24, 18, 100000, 0, 0.00000, 0.00676, 0.00040, 0.15093, 0.00273, 0.00226, 0.00332, 0.00000, 0.16640, 600977
0.00, 2500, 24, 19, 100000, 0, 0.00000, 0.00686, 0.00054, 0.15394, 0.00264, 0.00234, 0.00307, 0.00000, 0.16939, 590340
0.00, 2500, 24, 20, 100000, 0, 0.00000, 0.00651, 0.00039, 0.15236, 0.00255, 0.00253, 0.00336, 0.00000, 0.16770, 596311
0.00, 2500, 24, 21, 100000, 0, 0.00000, 0.00639, 0.00054, 0.15234, 0.00261, 0.00236, 0.00333, 0.00000, 0.16757, 596780
0.00, 2500, 24, 22, 100000, 0, 0.00000, 0.00650, 0.00054, 0.15146, 0.00248, 0.00220, 0.00335, 0.00000, 0.16654, 600469
0.00, 2500, 24, 23, 100000, 0, 0.00000, 0.00685, 0.00053, 0.15355, 0.00273, 0.00233, 0.00357, 0.00000, 0.16955, 589787
0.00, 2500, 24, 24, 100000, 0, 0.00000, 0.00724, 0.00054, 0.15409, 0.00256, 0.00257, 0.00351, 0.00000, 0.17051, 586480
0.00, 2500, 24, 25, 100000, 0, 0.00000, 0.00668, 0.00055, 0.15436, 0.00267, 0.00250, 0.00353, 0.00000, 0.17029, 587248
0.00, 2500, 24, 26, 100000, 0, 0.00000, 0.00686, 0.00054, 0.15716, 0.00263, 0.00321, 0.00337, 0.00000, 0.17378, 575445
0.00, 2500, 24, 27, 100000, 0, 0.00000, 0.00680, 0.00054, 0.15356, 0.00271, 0.00230, 0.00352, 0.00000, 0.16943, 590204
0.00, 2500, 24, 28, 100000, 0, 0.00000, 0.00844, 0.00055, 0.15539, 0.00254, 0.00366, 0.00324, 0.00000, 0.17382, 575319
0.00, 2500, 24, 29, 100000, 0, 0.00000, 0.00748, 0.00031, 0.15422, 0.00259, 0.00230, 0.00333, 0.00000, 0.17023, 587433
0.00, 2500, 24, 30, 100000, 0, 0.00000, 0.00602, 0.00053, 0.15261, 0.00199, 0.00236, 0.00337, 0.00000, 0.16687, 599280
0.00, 2500, 24, 31, 100000, 0, 0.00000, 0.00676, 0.00056, 0.15593, 0.00263, 0.00237, 0.00342, 0.00000, 0.17166, 582542
0.00, 2500, 24, 32, 100000, 0, 0.00000, 0.00631, 0.00054, 0.15271, 0.00261, 0.00236, 0.00333, 0.00000, 0.16786, 595738
0.00, 2500, 24, 33, 100000, 0, 0.00000, 0.00682, 0.00056, 0.15510, 0.00262, 0.00231, 0.00334, 0.00000, 0.17076, 585605
0.00, 2500, 24, 34, 100000, 0, 0.00000, 0.00679, 0.00055, 0.15376, 0.00266, 0.00229, 0.00342, 0.00000, 0.16948, 590049
0.00, 2500, 24, 35, 100000, 0, 0.00000, 0.00641, 0.00054, 0.15227, 0.00254, 0.00242, 0.00340, 0.00000, 0.16758, 596747
0.00, 2500, 24, 36, 100000, 0, 0.00000, 0.00652, 0.00053, 0.15702, 0.00262, 0.00234, 0.00341, 0.00000, 0.17245, 579888
0.00, 2500, 24, 37, 100000, 0, 0.00000, 0.00672, 0.00055, 0.15009, 0.00257, 0.00267, 0.00342, 0.00000, 0.16602, 602323
0.00, 2500, 24, 38, 100000, 0, 0.00000, 0.00653, 0.00055, 0.15355, 0.00259, 0.00239, 0.00325, 0.00000, 0.16887, 592170
0.00, 2500, 24, 39, 100000, 0, 0.00000, 0.00698, 0.00050, 0.15577, 0.00262, 0.00228, 0.00348, 0.00000, 0.17163, 582639
0.00, 2500, 24, 40, 100000, 0, 0.00000, 0.00880, 0.00054, 0.15482, 0.00190, 0.00257, 0.00251, 0.00000, 0.17115, 584290
0.00, 2500, 24, 41, 100000, 0, 0.00000, 0.01171, 0.00019, 0.14570, 0.00249, 0.00219, 0.00292, 0.00000, 0.16520, 605334
0.00, 2500, 24, 42, 100000, 0, 0.00000, 0.00741, 0.00019, 0.15132, 0.00264, 0.00229, 0.00341, 0.00000, 0.16726, 597865
0.00, 2500, 24, 43, 100000, 0, 0.00000, 0.01094, 0.00054, 0.15456, 0.00265, 0.00235, 0.00314, 0.00000, 0.17418, 574127
0.00, 2500, 24, 44, 100000, 0, 0.00000, 0.01189, 0.00036, 0.15531, 0.00281, 0.00232, 0.00294, 0.00000, 0.17563, 569366
0.00, 2500, 24, 45, 100000, 0, 0.00000, 0.01096, 0.00050, 0.15143, 0.00231, 0.00220, 0.00269, 0.00000, 0.17009, 587932
0.00, 2500, 24, 46, 100000, 0, 0.00000, 0.00661, 0.00053, 0.15255, 0.00258, 0.00236, 0.00332, 0.00000, 0.16795, 595398
0.00, 2500, 24, 47, 100000, 0, 0.00000, 0.00630, 0.00052, 0.15426, 0.00242, 0.00239, 0.00327, 0.00000, 0.16916, 591147
0.00, 2500, 24, 48, 100000, 0, 0.00000, 0.00592, 0.00054, 0.15038, 0.00232, 0.00226, 0.00320, 0.00000, 0.16463, 607410
0.00, 2500, 24, 49, 100000, 0, 0.00000, 0.00597, 0.00031, 0.15081, 0.00235, 0.00233, 0.00318, 0.00000, 0.16496, 606224
0.00, 2500, 24, 50, 100000, 0, 0.00000, 0.00765, 0.00050, 0.15628, 0.00261, 0.00234, 0.00336, 0.00000, 0.17275, 578881
0.00, 2500, 24, 51, 100000, 0, 0.00000, 0.01242, 0.00055, 0.15583, 0.00262, 0.00374, 0.00295, 0.00000, 0.17812, 561424
0.00, 2500, 24, 52, 100000, 0, 0.00000, 0.00659, 0.00043, 0.15405, 0.00250, 0.00235, 0.00334, 0.00000, 0.16926, 590810
0.00, 2500, 24, 53, 100000, 0, 0.00000, 0.00669, 0.00056, 0.15601, 0.00259, 0.00262, 0.00336, 0.00000, 0.17183, 581954
0.00, 2500, 24, 54, 100000, 0, 0.00000, 0.00650, 0.00054, 0.15508, 0.00253, 0.00402, 0.00339, 0.00000, 0.17207, 581165
0.00, 2500, 24, 55, 100000, 0, 0.00000, 0.00603, 0.00055, 0.15416, 0.00267, 0.00245, 0.00350, 0.00000, 0.16935, 590485
0.00, 2500, 24, 56, 100000, 0, 0.00000, 0.00666, 0.00054, 0.15239, 0.00217, 0.00228, 0.00300, 0.00000, 0.16703, 598702
0.00, 2500, 24, 57, 100000, 0, 0.00000, 0.01007, 0.00029, 0.15323, 0.00192, 0.00243, 0.00249, 0.00000, 0.17042, 586785
0.00, 2500, 24, 58, 100000, 0, 0.00000, 0.01138, 0.00031, 0.15007, 0.00249, 0.00234, 0.00280, 0.00000, 0.16941, 590295
0.00, 2500, 24, 59, 100000, 0, 0.00000, 0.00653, 0.00045, 0.15680, 0.00269, 0.00245, 0.00337, 0.00000, 0.17230, 580373
0.00, 2500, 24, 60, 100000, 0, 0.00000, 0.01500, 0.00055, 0.15537, 0.00203, 0.00233, 0.00293, 0.00000, 0.17821, 561149
0.00, 2500, 24, 61, 100000, 0, 0.00000, 0.00663, 0.00054, 0.15247, 0.00263, 0.00242, 0.00338, 0.00000, 0.16808, 594972
0.00, 2500, 24, 62, 100000, 0, 0.00000, 0.00627, 0.00055, 0.15118, 0.00269, 0.00241, 0.00324, 0.00000, 0.16635, 601150
0.00, 2500, 24, 63, 100000, 0, 0.00000, 0.00654, 0.00051, 0.15436, 0.00261, 0.00244, 0.00325, 0.00000, 0.16972, 589216
0.00, 2500, 24, 64, 100000, 0, 0.00000, 0.01000, 0.00055, 0.15283, 0.00209, 0.00224, 0.00249, 0.00000, 0.17020, 587550
0.00, 2500, 24, 65, 100000, 0, 0.00000, 0.00648, 0.00021, 0.15312, 0.00263, 0.00241, 0.00343, 0.00000, 0.16829, 594227
0.00, 2500, 24, 66, 100000, 0, 0.00000, 0.00583, 0.00055, 0.15394, 0.00239, 0.00244, 0.00323, 0.00000, 0.16839, 593867
0.00, 2500, 24, 67, 100000, 0, 0.00000, 0.00541, 0.00056, 0.15025, 0.00252, 0.00238, 0.00296, 0.00000, 0.16408, 609474
0.00, 2500, 24, 68, 100000, 0, 0.00000, 0.00589, 0.00034, 0.15242, 0.00184, 0.00233, 0.00325, 0.00000, 0.16606, 602182
0.00, 2500, 24, 69, 100000, 0, 0.00000, 0.00665, 0.00055, 0.15138, 0.00285, 0.00236, 0.00339, 0.00000, 0.16718, 598142
0.00, 2500, 24, 70, 100000, 0, 0.00000, 0.00669, 0.00055, 0.15463, 0.00243, 0.00252, 0.00328, 0.00000, 0.17010, 587885
0.00, 2500, 24, 71, 100000, 0, 0.00000, 0.01096, 0.00056, 0.15375, 0.00213, 0.00253, 0.00494, 0.00000, 0.17487, 571859
0.00, 2500, 24, 72, 100000, 0, 0.00000, 0.00807, 0.00052, 0.15980, 0.00253, 0.00263, 0.00320, 0.00000, 0.17676, 565744
0.00, 2500, 24, 73, 100000, 0, 0.00000, 0.00785, 0.00040, 0.15451, 0.00278, 0.00277, 0.00349, 0.00000, 0.17181, 582041
0.00, 2500, 24, 74, 100000, 0, 0.00000, 0.00621, 0.00057, 0.15049, 0.00279, 0.00253, 0.00348, 0.00000, 0.16608, 602122
0.00, 2500, 24, 75, 100000, 0, 0.00000, 0.00656, 0.00056, 0.15523, 0.00270, 0.00237, 0.00353, 0.00000, 0.17096, 584942
0.00, 2500, 24, 76, 100000, 0, 0.00000, 0.00966, 0.00056, 0.15461, 0.00210, 0.00232, 0.00250, 0.00000, 0.17174, 582270
0.00, 2500, 24, 77, 100000, 0, 0.00000, 0.01034, 0.00032, 0.15273, 0.00171, 0.00231, 0.00239, 0.00000, 0.16980, 588919
0.00, 2500, 24, 78, 100000, 0, 0.00000, 0.00683, 0.00023, 0.15125, 0.00251, 0.00236, 0.00337, 0.00000, 0.16655, 600430
0.00, 2500, 24, 79, 100000, 0, 0.00000, 0.00657, 0.00056, 0.15637, 0.00276, 0.00239, 0.00341, 0.00000, 0.17206, 581183
0.00, 2500, 24, 80, 100000, 0, 0.00000, 0.00657, 0.00056, 0.15490, 0.00262, 0.00247, 0.00347, 0.00000, 0.17058, 586230
0.00, 2500, 24, 81, 100000, 0, 0.00000, 0.00640, 0.00056, 0.15570, 0.00249, 0.00247, 0.00334, 0.00000, 0.17095, 584962
0.00, 2500, 24, 82, 100000, 0, 0.00000, 0.00668, 0.00055, 0.15537, 0.00257, 0.00240, 0.00345, 0.00000, 0.17104, 584669
0.00, 2500, 24, 83, 100000, 0, 0.00000, 0.00674, 0.00056, 0.15670, 0.00259, 0.00247, 0.00345, 0.00000, 0.17251, 579692
0.00, 2500, 24, 84, 100000, 0, 0.00000, 0.00951, 0.00057, 0.15613, 0.00184, 0.00224, 0.00257, 0.00000, 0.17287, 578467
0.00, 2500, 24, 85, 100000, 0, 0.00000, 0.00669, 0.00032, 0.15143, 0.00273, 0.00237, 0.00331, 0.00000, 0.16684, 599363
0.00, 2500, 24, 86, 100000, 0, 0.00000, 0.00665, 0.00056, 0.15237, 0.00274, 0.00265, 0.00339, 0.00000, 0.16836, 593956
0.00, 2500, 24, 87, 100000, 0, 0.00000, 0.00633, 0.00058, 0.15579, 0.00278, 0.00247, 0.00336, 0.00000, 0.17131, 583740
0.00, 2500, 24, 88, 100000, 0, 0.00000, 0.00669, 0.00056, 0.15646, 0.00267, 0.00256, 0.00343, 0.00000, 0.17236, 580178
0.00, 2500, 24, 89, 100000, 0, 0.00000, 0.00622, 0.00056, 0.15422, 0.00260, 0.00239, 0.00326, 0.00000, 0.16925, 590825
0.00, 2500, 24, 90, 100000, 0, 0.00000, 0.00663, 0.00057, 0.15437, 0.00246, 0.00246, 0.00339, 0.00000, 0.16987, 588688
0.00, 2500, 24, 91, 100000, 0, 0.00000, 0.00644, 0.00057, 0.15553, 0.00255, 0.00247, 0.00338, 0.00000, 0.17094, 585013
0.00, 2500, 24, 92, 100000, 0, 0.00000, 0.00644, 0.00055, 0.15474, 0.00237, 0.00256, 0.00346, 0.00000, 0.17013, 587790
0.00, 2500, 24, 93, 100000, 0, 0.00000, 0.01307, 0.00056, 0.15653, 0.00230, 0.00246, 0.00232, 0.00000, 0.17723, 564234
0.00, 2500, 24, 94, 100000, 0, 0.00000, 0.01354, 0.00019, 0.14833, 0.00441, 0.00255, 0.00323, 0.00000, 0.17225, 580536
0.00, 2500, 24, 95, 100000, 0, 0.00000, 0.00946, 0.00055, 0.15637, 0.00206, 0.00248, 0.00263, 0.00000, 0.17354, 576222
0.00, 2500, 24, 96, 100000, 0, 0.00000, 0.00987, 0.00023, 0.15265, 0.00230, 0.00228, 0.00255, 0.00000, 0.16989, 588631
0.00, 2500, 24, 97, 100000, 0, 0.00000, 0.00670, 0.00029, 0.14777, 0.00261, 0.00252, 0.00323, 0.00000, 0.16312, 613060
0.00, 2500, 24, 98, 100000, 0, 0.00000, 0.00710, 0.00057, 0.15204, 0.00263, 0.00236, 0.00331, 0.00000, 0.16802, 595178
0.00, 2500, 24, 99, 100000, 0, 0.00000, 0.00683, 0.00055, 0.15034, 0.00244, 0.00243, 0.00334, 0.00000, 0.16593, 602647
0.00, 2500, 24, 100, 100000, 0, 0.00000, 0.00751, 0.00056, 0.15636, 0.00255, 0.00247, 0.00371, 0.00000, 0.17317, 577475
0.00, 2500, 24, total, 10000000,, 0.00000, 1.01032, 0.04939, 14.78228, 0.25334, 0.24463, 0.32688, 0.00001, 16.66685, 599993.56250
