zipfian_const, NR_DPUS, NR_TASKLETS, batch_num, num_keys, max_query_num, preprocess_time1, preprocess_time2, migration_plan_time, migration_time, send_time, execution_time, receive_result_time, merge_time, batch_time, throughput
0.00, 2500, 24, 1, 100000, 0, 0.00000, 0.27223, 0.00019, 0.00016, 0.00198, 0.00227, 0.22749, 0.00000, 0.50433, 198282
0.00, 2500, 24, 2, 100000, 0, 0.00000, 0.00610, 0.00018, 0.03073, 0.00249, 0.00159, 0.00286, 0.00000, 0.04395, 2275526
0.00, 2500, 24, 3, 100000, 0, 0.00000, 0.00618, 0.00053, 0.03414, 0.00265, 0.00158, 0.00309, 0.00000, 0.04817, 2075800
0.00, 2500, 24, 4, 100000, 0, 0.00000, 0.00647, 0.00052, 0.03428, 0.00237, 0.00167, 0.00295, 0.00000, 0.04826, 2071981
0.00, 2500, 24, 5, 100000, 0, 0.00000, 0.00716, 0.00047, 0.03870, 0.00260, 0.00160, 0.00331, 0.00000, 0.05384, 1857396
0.00, 2500, 24, 6, 100000, 0, 0.00000, 0.00588, 0.00047, 0.03303, 0.00220, 0.00163, 0.00270, 0.00000, 0.04592, 2177714
0.00, 2500, 24, 7, 100000, 0, 0.00000, 0.00607, 0.00048, 0.03397, 0.00228, 0.00282, 0.00306, 0.00000, 0.04869, 2053991
0.00, 2500, 24, 8, 100000, 0, 0.00000, 0.00630, 0.00052, 0.03441, 0.00247, 0.00163, 0.00262, 0.00000, 0.04795, 2085434
0.00, 2500, 24, 9, 100000, 0, 0.00000, 0.00654, 0.00048, 0.03422, 0.00257, 0.00167, 0.00353, 0.00000, 0.04902, 2040072
0.00, 2500, 24, 10, 100000, 0, 0.00000, 0.00655, 0.00052, 0.03456, 0.00276, 0.00159, 0.00270, 0.00000, 0.04867, 2054849
0.00, 2500, 24, 11, 100000, 0, 0.00000, 0.00650, 0.00053, 0.03448, 0.00262, 0.00164, 0.00326, 0.00000, 0.04902, 2039979
0.00, 2500, 24, 12, 100000, 0, 0.00000, 0.00637, 0.00053, 0.03208, 0.00289, 0.00280, 0.00328, 0.00000, 0.04795, 2085605
0.00, 2500, 24, 13, 100000, 0, 0.00000, 0.00591, 0.00047, 0.03360, 0.00199, 0.00158, 0.00273, 0.00000, 0.04629, 2160423
0.00, 2500, 24, 14, 100000, 0, 0.00000, 0.00585, 0.00031, 0.02773, 0.00264, 0.00158, 0.00311, 0.00000, 0.04122, 2426194
0.00, 2500, 24, 15, 100000, 0, 0.00000, 0.00684, 0.00053, 0.03488, 0.00270, 0.00160, 0.00296, 0.00000, 0.04950, 2020269
0.00, 2500, 24, 16, 100000, 0, 0.00000, 0.00642, 0.00052, 0.03230, 0.00287, 0.00165, 0.00303, 0.00000, 0.04679, 2137378
0.00, 2500, 24, 17, 100000, 0, 0.00000, 0.00808, 0.00052, 0.03507, 0.00273, 0.00161, 0.00291, 0.00000, 0.05092, 1963909
0.00, 2500, 24, 18, 100000, 0, 0.00000, 0.00677, 0.00053, 0.03366, 0.00278, 0.00164, 0.00310, 0.00000, 0.04849, 2062388
0.00, 2500, 24, 19, 100000, 0, 0.00000, 0.00634, 0.00053, 0.03513, 0.00253, 0.00169, 0.00325, 0.00000, 0.04947, 2021546
0.00, 2500, 24, 20, 100000, 0, 0.00000, 0.00692, 0.00053, 0.03522, 0.00240, 0.00166, 0.00314, 0.00000, 0.04986, 2005579
0.00, 2500, 24, 21, 100000, 0, 0.00000, 0.00736, 0.00053, 0.03528, 0.00291, 0.00163, 0.00281, 0.00000, 0.05050, 1980144
0.00, 2500, 24, 22, 100000, 0, 0.00000, 0.00643, 0.00053, 0.03470, 0.00262, 0.00161, 0.00281, 0.00000, 0.04869, 2053724
0.00, 2500, 24, 23, 100000, 0, 0.00000, 0.00701, 0.00052, 0.03356, 0.00275, 0.00159, 0.00311, 0.00000, 0.04854, 2060271
0.00, 2500, 24, 24, 100000, 0, 0.00000, 0.00781, 0.00044, 0.03386, 0.00243, 0.00170, 0.00292, 0.00000, 0.04918, 2033286
0.00, 2500, 24, 25, 100000, 0, 0.00000, 0.00691, 0.00053, 0.03528, 0.00248, 0.00158, 0.00282, 0.00000, 0.04960, 2016105
0.00, 2500, 24, 26, 100000, 0, 0.00000, 0.00547, 0.00044, 0.03079, 0.00217, 0.00163, 0.00298, 0.00000, 0.04348, 2300007
0.00, 2500, 24, 27, 100000, 0, 0.00000, 0.00599, 0.00025, 0.03331, 0.00300, 0.00160, 0.00292, 0.00000, 0.04706, 2125082
0.00, 2500, 24, 28, 100000, 0, 0.00000, 0.00647, 0.00053, 0.03500, 0.00270, 0.00164, 0.00298, 0.00000, 0.04932, 2027762
0.00, 2500, 24, 29, 100000, 0, 0.00000, 0.00689, 0.00053, 0.03489, 0.00280, 0.00164, 0.00285, 0.00000, 0.04959, 2016549
0.00, 2500, 24, 30, 100000, 0, 0.00000, 0.00715, 0.00055, 0.03878, 0.00258, 0.00164, 0.00301, 0.00000, 0.05371, 1861948
0.00, 2500, 24, 31, 100000, 0, 0.00000, 0.00717, 0.00055, 0.03535, 0.00266, 0.00161, 0.00286, 0.00000, 0.05021, 1991661
0.00, 2500, 24, 32, 100000, 0, 0.00000, 0.00700, 0.00055, 0.03528, 0.00280, 0.00163, 0.00295, 0.00000, 0.05021, 1991771
0.00, 2500, 24, 33, 100000, 0, 0.00000, 0.00725, 0.00044, 0.03503, 0.00294, 0.00163, 0.00294, 0.00000, 0.05024, 1990556
0.00, 2500, 24, 34, 100000, 0, 0.00000, 0.00641, 0.00054, 0.03498, 0.00280, 0.00158, 0.00286, 0.00000, 0.04917, 2033569
0.00, 2500, 24, 35, 100000, 0, 0.00000, 0.00659, 0.00055, 0.03538, 0.00268, 0.00159, 0.00321, 0.00000, 0.05000, 2000147
0.00, 2500, 24, 36, 100000, 0, 0.00000, 0.00674, 0.00053, 0.03537, 0.00300, 0.00166, 0.00313, 0.00000, 0.05044, 1982726
0.00, 2500, 24, 37, 100000, 0, 0.00000, 0.00706, 0.00054, 0.03285, 0.00252, 0.00199, 0.00282, 0.00000, 0.04778, 2093083
0.00, 2500, 24, 38, 100000, 0, 0.00000, 0.00694, 0.00054, 0.03572, 0.00264, 0.00161, 0.00301, 0.00000, 0.05047, 1981228
0.00, 2500, 24, 39, 100000, 0, 0.00000, 0.00709, 0.00055, 0.03588, 0.00260, 0.00165, 0.00297, 0.00000, 0.05075, 1970473
0.00, 2500, 24, 40, 100000, 0, 0.00000, 0.00708, 0.00053, 0.03601, 0.00268, 0.00158, 0.00311, 0.00000, 0.05100, 1960851
0.00, 2500, 24, 41, 100000, 0, 0.00000, 0.00757, 0.00053, 0.03592, 0.00269, 0.00162, 0.00338, 0.00000, 0.05171, 1933948
0.00, 2500, 24, 42, 100000, 0, 0.00000, 0.00693, 0.00055, 0.03584, 0.00266, 0.00162, 0.00304, 0.00000, 0.05065, 1974502
0.00, 2500, 24, 43, 100000, 0, 0.00000, 0.00698, 0.00049, 0.03614, 0.00266, 0.00163, 0.00311, 0.00000, 0.05101, 1960284
0.00, 2500, 24, 44, 100000, 0, 0.00000, 0.00712, 0.00048, 0.03537, 0.00280, 0.00170, 0.00334, 0.00000, 0.05081, 1968291
0.00, 2500, 24, 45, 100000, 0, 0.00000, 0.00669, 0.00054, 0.03124, 0.00251, 0.00161, 0.00289, 0.00000, 0.04548, 2198850
0.00, 2500, 24, 46, 100000, 0, 0.00000, 0.00682, 0.00053, 0.03569, 0.00277, 0.00171, 0.00326, 0.00000, 0.05078, 1969358
0.00, 2500, 24, 47, 100000, 0, 0.00000, 0.00630, 0.00052, 0.03549, 0.00263, 0.00158, 0.00270, 0.00000, 0.04921, 2032166
0.00, 2500, 24, 48, 100000, 0, 0.00000, 0.00635, 0.00037, 0.03428, 0.00266, 0.00156, 0.00334, 0.00000, 0.04856, 2059367
0.00, 2500, 24, 49, 100000, 0, 0.00000, 0.00602, 0.00054, 0.03476, 0.00279, 0.00158, 0.00328, 0.00000, 0.04897, 2042157
0.00, 2500, 24, 50, 100000, 0, 0.00000, 0.00638, 0.00049, 0.03522, 0.00295, 0.00239, 0.00315, 0.00000, 0.05056, 1977703
0.00, 2500, 24, 51, 100000, 0, 0.00000, 0.00661, 0.00053, 0.03600, 0.00277, 0.00166, 0.00322, 0.00000, 0.05080, 1968366
0.00, 2500, 24, 52, 100000, 0, 0.00000, 0.00711, 0.00042, 0.03558, 0.00247, 0.00159, 0.00343, 0.00000, 0.05060, 1976389
0.00, 2500, 24, 53, 100000, 0, 0.00000, 0.00681, 0.00054, 0.03514, 0.00290, 0.00159, 0.00280, 0.00000, 0.04979, 2008350
0.00, 2500, 24, 54, 100000, 0, 0.00000, 0.00681, 0.00053, 0.03507, 0.00288, 0.00160, 0.00326, 0.00000, 0.05016, 1993786
0.00, 2500, 24, 55, 100000, 0, 0.00000, 0.00631, 0.00054, 0.03551, 0.00289, 0.00159, 0.00322, 0.00000, 0.05006, 1997472
0.00, 2500, 24, 56, 100000, 0, 0.00000, 0.00642, 0.00053, 0.03239, 0.00275, 0.00165, 0.00311, 0.00000, 0.04684, 2134784
0.00, 2500, 24, 57, 100000, 0, 0.00000, 0.00636, 0.00053, 0.03536, 0.00285, 0.00166, 0.00340, 0.00000, 0.05017, 1993396
0.00, 2500, 24, 58, 100000, 0, 0.00000, 0.00653, 0.00054, 0.03377, 0.00270, 0.00160, 0.00317, 0.00000, 0.04832, 2069586
0.00, 2500, 24, 59, 100000, 0, 0.00000, 0.00641, 0.00053, 0.03550, 0.00245, 0.00161, 0.00368, 0.00000, 0.05019, 1992431
0.00, 2500, 24, 60, 100000, 0, 0.00000, 0.00687, 0.00054, 0.03549, 0.00281, 0.00159, 0.00311, 0.00000, 0.05040, 1984165
0.00, 2500, 24, 61, 100000, 0, 0.00000, 0.00703, 0.00054, 0.03563, 0.00289, 0.00160, 0.00307, 0.00000, 0.05076, 1970001
0.00, 2500, 24, 62, 100000, 0, 0.00000, 0.00630, 0.00054, 0.03284, 0.00286, 0.00161, 0.00334, 0.00000, 0.04749, 2105718
0.00, 2500, 24, 63, 100000, 0, 0.00000, 0.00694, 0.00054, 0.03589, 0.00289, 0.00160, 0.00304, 0.00000, 0.05089, 1964954
0.00, 2500, 24, 64, 100000, 0, 0.00000, 0.00735, 0.00055, 0.03566, 0.00307, 0.00167, 0.00308, 0.00000, 0.05137, 1946616
0.00, 2500, 24, 65, 100000, 0, 0.00000, 0.00700, 0.00055, 0.03583, 0.00258, 0.00163, 0.00314, 0.00000, 0.05073, 1971345
0.00, 2500, 24, 66, 100000, 0, 0.00000, 0.00703, 0.00054, 0.03296, 0.00289, 0.00166, 0.00332, 0.00000, 0.04840, 2066130
0.00, 2500, 24, 67, 100000, 0, 0.00000, 0.00670, 0.00057, 0.03567, 0.00258, 0.00167, 0.00300, 0.00000, 0.05019, 1992603
0.00, 2500, 24, 68, 100000, 0, 0.00000, 0.00710, 0.00054, 0.03563, 0.00268, 0.00168, 0.00321, 0.00000, 0.05085, 1966726
0.00, 2500, 24, 69, 100000, 0, 0.00000, 0.00707, 0.00054, 0.03556, 0.00255, 0.00160, 0.00284, 0.00000, 0.05015, 1993848
0.00, 2500, 24, 70, 100000, 0, 0.00000, 0.00664, 0.00054, 0.03579, 0.00263, 0.00166, 0.00314, 0.00000, 0.05040, 1984125
0.00, 2500, 24, 71, 100000, 0, 0.00000, 0.00658, 0.00059, 0.03567, 0.00291, 0.00160, 0.00293, 0.00000, 0.05028, 1988871
0.00, 2500, 24, 72, 100000, 0, 0.00000, 0.00658, 0.00054, 0.03573, 0.00553, 0.00166, 0.00291, 0.00000, 0.05294, 1889051
0.00, 2500, 24, 73, 100000, 0, 0.00000, 0.00802, 0.00054, 0.03538, 0.00289, 0.00161, 0.00288, 0.00000, 0.05131, 1948946
0.00, 2500, 24, 74, 100000, 0, 0.00000, 0.00702, 0.00054, 0.03552, 0.00281, 0.00176, 0.00285, 0.00000, 0.05051, 1979958
0.00, 2500, 24, 75, 100000, 0, 0.00000, 0.00689, 0.00045, 0.03529, 0.00295, 0.00168, 0.00346, 0.00000, 0.05073, 1971272
0.00, 2500, 24, 76, 100000, 0, 0.00000, 0.00651, 0.00055, 0.03560, 0.00292, 0.00158, 0.00324, 0.00000, 0.05040, 1984052
0.00, 2500, 24, 77, 100000, 0, 0.00000, 0.00701, 0.00054, 0.03247, 0.00286, 0.00166, 0.00289, 0.00000, 0.04744, 2107998
0.00, 2500, 24, 78, 100000, 0, 0.00000, 0.00697, 0.00054, 0.03541, 0.00263, 0.00164, 0.00286, 0.00000, 0.05006, 1997747
0.00, 2500, 24, 79, 100000, 0, 0.00000, 0.00694, 0.00055, 0.03524, 0.00267, 0.00161, 0.00286, 0.00000, 0.04987, 2005042
0.00, 2500, 24, 80, 100000, 0, 0.00000, 0.00693, 0.00056, 0.03530, 0.00277, 0.00164, 0.00270, 0.00000, 0.04989, 2004396
0.00, 2500, 24, 81, 100000, 0, 0.00000, 0.00699, 0.00055, 0.03527, 0.00289, 0.00157, 0.00344, 0.00000, 0.05071, 1971860
0.00, 2500, 24, 82, 100000, 0, 0.00000, 0.00658, 0.00054, 0.03500, 0.00304, 0.00165, 0.00311, 0.00000, 0.04992, 2003348
0.00, 2500, 24, 83, 100000, 0, 0.00000, 0.00646, 0.00054, 0.03537, 0.00274, 0.00163, 0.00281, 0.00000, 0.04955, 2018056
0.00, 2500, 24, 84, 100000, 0, 0.00000, 0.00662, 0.00055, 0.03544, 0.00272, 0.00159, 0.00301, 0.00000, 0.04993, 2002948
0.00, 2500, 24, 85, 100000, 0, 0.00000, 0.00680, 0.00054, 0.03267, 0.00262, 0.01227, 0.00309, 0.00000, 0.05800, 1724151
0.00, 2500, 24, 86, 100000, 0, 0.00000, 0.00682, 0.00054, 0.03037, 0.00248, 0.00164, 0.00310, 0.00000, 0.04494, 2225012
0.00, 2500, 24, 87, 100000, 0, 0.00000, 0.00669, 0.00055, 0.03528, 0.00269, 0.00171, 0.00327, 0.00000, 0.05020, 1991932
0.00, 2500, 24, 88, 100000, 0, 0.00000, 0.00642, 0.00056, 0.03559, 0.00284, 0.00162, 0.00339, 0.00000, 0.05041, 1983776
0.00, 2500, 24, 89, 100000, 0, 0.00000, 0.00693, 0.00055, 0.03444, 0.00296, 0.00160, 0.00309, 0.00000, 0.04957, 2017258
0.00, 2500, 24, 90, 100000, 0, 0.00000, 0.00691, 0.00055, 0.03288, 0.00265, 0.00162, 0.00290, 0.00000, 0.04752, 2104522
0.00, 2500, 24, 91, 100000, 0, 0.00000, 0.00692, 0.00055, 0.03519, 0.00287, 0.00185, 0.00287, 0.00000, 0.05025, 1990156
0.00, 2500, 24, 92, 100000, 0, 0.00000, 0.00677, 0.00055, 0.03541, 0.00271, 0.00162, 0.00310, 0.00000, 0.05016, 1993689
0.00, 2500, 24, 93, 100000, 0, 0.00000, 0.00657, 0.00055, 0.03559, 0.00260, 0.00166, 0.00305, 0.00000, 0.05002, 1999353
0.00, 2500, 24, 94, 100000, 0, 0.00000, 0.00651, 0.00055, 0.03263, 0.00267, 0.00162, 0.00324, 0.00000, 0.04720, 2118450
0.00, 2500, 24, 95, 100000, 0, 0.00000, 0.00716, 0.00055, 0.03554, 0.00269, 0.00163, 0.00274, 0.00000, 0.05030, 1987919
0.00, 2500, 24, 96, 100000, 0, 0.00000, 0.00714, 0.00052, 0.03545, 0.00259, 0.00167, 0.00291, 0.00000, 0.05027, 1989252
0.00, 2500, 24, 97, 100000, 0, 0.00000, 0.00707, 0.00055, 0.03236, 0.00288, 0.00418, 0.00295, 0.00000, 0.04999, 2000364
0.00, 2500, 24, 98, 100000, 0, 0.00000, 0.00722, 0.00055, 0.03279, 0.00297, 0.00163, 0.00316, 0.00000, 0.04832, 2069552
0.00, 2500, 24, 99, 100000, 0, 0.00000, 0.00708, 0.00054, 0.03208, 0.00285, 0.00162, 0.00288, 0.00000, 0.04704, 2125795
0.00, 2500, 24, 100, 100000, 0, 0.00000, 0.00792, 0.00057, 0.03579, 0.00261, 0.00250, 0.00308, 0.00000, 0.05246, 1906078
0.00, 2500, 24, total, 10000000,, 0.00000, 0.94185, 0.05158, 3.42765, 0.27244, 0.18116, 0.52998, 0.00001, 5.40468, 1850249.50000
