zipfian_const, NR_DPUS, NR_TASKLETS, batch_num, num_keys, max_query_num, preprocess_time1, preprocess_time2, migration_plan_time, migration_time, send_time, execution_time, receive_result_time, merge_time, batch_time, throughput
0.00, 2500, 24, 1, 100000, 0, 0.00000, 0.30367, 0.00044, 0.00057, 0.00208, 0.00310, 0.00846, 0.00000, 0.31832, 314149
0.00, 2500, 24, 2, 100000, 0, 0.00000, 0.01342, 0.00053, 0.00069, 0.00354, 0.00540, 0.00769, 0.00000, 0.03128, 3197316
0.00, 2500, 24, 3, 100000, 0, 0.00000, 0.01338, 0.00072, 0.00091, 0.00215, 0.00329, 0.00761, 0.00000, 0.02806, 3563989
0.00, 2500, 24, 4, 100000, 0, 0.00000, 0.01231, 0.00049, 0.00055, 0.00228, 0.00321, 0.00778, 0.00000, 0.02661, 3757876
0.00, 2500, 24, 5, 100000, 0, 0.00000, 0.01394, 0.00073, 0.00091, 0.00399, 0.00570, 0.00895, 0.00000, 0.03422, 2922120
0.00, 2500, 24, 6, 100000, 0, 0.00000, 0.01261, 0.00099, 0.00118, 0.00254, 0.00423, 0.00801, 0.00000, 0.02957, 3382024
0.00, 2500, 24, 7, 100000, 0, 0.00000, 0.01376, 0.00058, 0.00065, 0.00276, 0.00329, 0.00808, 0.00000, 0.02912, 3434632
0.00, 2500, 24, 8, 100000, 0, 0.00000, 0.01359, 0.00076, 0.00091, 0.00274, 0.00360, 0.00801, 0.00000, 0.02960, 3378323
0.00, 2500, 24, 9, 100000, 0, 0.00000, 0.01340, 0.00077, 0.00090, 0.00248, 0.00328, 0.00776, 0.00000, 0.02859, 3498256
0.00, 2500, 24, 10, 100000, 0, 0.00000, 0.01296, 0.00061, 0.00068, 0.00262, 0.00527, 0.00793, 0.00000, 0.03006, 3327109
0.00, 2500, 24, 11, 100000, 0, 0.00000, 0.01334, 0.00091, 0.00111, 0.00214, 0.00317, 0.00789, 0.00000, 0.02855, 3502028
0.00, 2500, 24, 12, 100000, 0, 0.00000, 0.01301, 0.00084, 0.00103, 0.00242, 0.00467, 0.00797, 0.00000, 0.02994, 3339982
0.00, 2500, 24, 13, 100000, 0, 0.00000, 0.01362, 0.00070, 0.00085, 0.00222, 0.00323, 0.00729, 0.00000, 0.02792, 3581626
0.00, 2500, 24, 14, 100000, 0, 0.00000, 0.01255, 0.00047, 0.00053, 0.00239, 0.01273, 0.00747, 0.00000, 0.03613, 2767616
0.00, 2500, 24, 15, 100000, 0, 0.00000, 0.01281, 0.00067, 0.00081, 0.00272, 0.00376, 0.00778, 0.00000, 0.02854, 3503449
0.00, 2500, 24, 16, 100000, 0, 0.00000, 0.01308, 0.00104, 0.00102, 0.00235, 0.00329, 0.00801, 0.00000, 0.02880, 3472148
0.00, 2500, 24, 17, 100000, 0, 0.00000, 0.01296, 0.00087, 0.00102, 0.00230, 0.00310, 0.00758, 0.00000, 0.02783, 3592782
0.00, 2500, 24, 18, 100000, 0, 0.00000, 0.01167, 0.00052, 0.00059, 0.00256, 0.00341, 0.00780, 0.00000, 0.02655, 3766584
0.00, 2500, 24, 19, 100000, 0, 0.00000, 0.01322, 0.00083, 0.00077, 0.00214, 0.00337, 0.00723, 0.00000, 0.02755, 3629530
0.00, 2500, 24, 20, 100000, 0, 0.00000, 0.01236, 0.00054, 0.00060, 0.00228, 0.00320, 0.00728, 0.00000, 0.02627, 3807218
0.00, 2500, 24, 21, 100000, 0, 0.00000, 0.01232, 0.00048, 0.00053, 0.00234, 0.00514, 0.00729, 0.00000, 0.02811, 3557898
0.00, 2500, 24, 22, 100000, 0, 0.00000, 0.01230, 0.00048, 0.00051, 0.00218, 0.00322, 0.00737, 0.00000, 0.02606, 3837172
0.00, 2500, 24, 23, 100000, 0, 0.00000, 0.01275, 0.00047, 0.00051, 0.00261, 0.00318, 0.00827, 0.00000, 0.02780, 3597394
0.00, 2500, 24, 24, 100000, 0, 0.00000, 0.01313, 0.00065, 0.00082, 0.00221, 0.00324, 0.00774, 0.00000, 0.02778, 3599124
0.00, 2500, 24, 25, 100000, 0, 0.00000, 0.01297, 0.00087, 0.00102, 0.00266, 0.00332, 0.00775, 0.00000, 0.02860, 3496107
0.00, 2500, 24, 26, 100000, 0, 0.00000, 0.01332, 0.00075, 0.00091, 0.00271, 0.00355, 0.00806, 0.00000, 0.02929, 3414036
0.00, 2500, 24, 27, 100000, 0, 0.00000, 0.01853, 0.00087, 0.00111, 0.00265, 0.00344, 0.00780, 0.00000, 0.03440, 2906952
0.00, 2500, 24, 28, 100000, 0, 0.00000, 0.01745, 0.00072, 0.00086, 0.00209, 0.00545, 0.00783, 0.00000, 0.03441, 2906394
0.00, 2500, 24, 29, 100000, 0, 0.00000, 0.01682, 0.00062, 0.00068, 0.00215, 0.00347, 0.00718, 0.00000, 0.03092, 3234333
0.00, 2500, 24, 30, 100000, 0, 0.00000, 0.01648, 0.00057, 0.00053, 0.00236, 0.00392, 0.00781, 0.00000, 0.03167, 3157742
0.00, 2500, 24, 31, 100000, 0, 0.00000, 0.01998, 0.00068, 0.00081, 0.00227, 0.00554, 0.00768, 0.00000, 0.03696, 2705396
0.00, 2500, 24, 32, 100000, 0, 0.00000, 0.01354, 0.00076, 0.00090, 0.00211, 0.00327, 0.00740, 0.00000, 0.02799, 3573042
0.00, 2500, 24, 33, 100000, 0, 0.00000, 0.01268, 0.00044, 0.00054, 0.00261, 0.00442, 0.00777, 0.00000, 0.02846, 3514298
0.00, 2500, 24, 34, 100000, 0, 0.00000, 0.01748, 0.00074, 0.00091, 0.00257, 0.00314, 0.00710, 0.00000, 0.03193, 3131447
0.00, 2500, 24, 35, 100000, 0, 0.00000, 0.01284, 0.00070, 0.00085, 0.00228, 0.00331, 0.00721, 0.00000, 0.02720, 3676398
0.00, 2500, 24, 36, 100000, 0, 0.00000, 0.01262, 0.00058, 0.00063, 0.00225, 0.00346, 0.00784, 0.00000, 0.02738, 3651711
0.00, 2500, 24, 37, 100000, 0, 0.00000, 0.01750, 0.00093, 0.00111, 0.00202, 0.00371, 0.00683, 0.00000, 0.03210, 3115497
0.00, 2500, 24, 38, 100000, 0, 0.00000, 0.01182, 0.00047, 0.00052, 0.00263, 0.00414, 0.00761, 0.00000, 0.02719, 3677788
0.00, 2500, 24, 39, 100000, 0, 0.00000, 0.01731, 0.00084, 0.00073, 0.00216, 0.00335, 0.00660, 0.00000, 0.03097, 3228968
0.00, 2500, 24, 40, 100000, 0, 0.00000, 0.01237, 0.00049, 0.00052, 0.00247, 0.00331, 0.00748, 0.00000, 0.02664, 3753404
0.00, 2500, 24, 41, 100000, 0, 0.00000, 0.01245, 0.00051, 0.00053, 0.00208, 0.00328, 0.00732, 0.00000, 0.02616, 3822103
0.00, 2500, 24, 42, 100000, 0, 0.00000, 0.01643, 0.00048, 0.00052, 0.00233, 0.00356, 0.00649, 0.00000, 0.02980, 3355246
0.00, 2500, 24, 43, 100000, 0, 0.00000, 0.01280, 0.00050, 0.00062, 0.00260, 0.00337, 0.00784, 0.00000, 0.02773, 3606657
0.00, 2500, 24, 44, 100000, 0, 0.00000, 0.01333, 0.00077, 0.00096, 0.00213, 0.00362, 0.00782, 0.00000, 0.02864, 3492045
0.00, 2500, 24, 45, 100000, 0, 0.00000, 0.01587, 0.00093, 0.00110, 0.00215, 0.00355, 0.00625, 0.00000, 0.02986, 3348735
0.00, 2500, 24, 46, 100000, 0, 0.00000, 0.01163, 0.00066, 0.00075, 0.00268, 0.00335, 0.00787, 0.00000, 0.02694, 3711623
0.00, 2500, 24, 47, 100000, 0, 0.00000, 0.01264, 0.00091, 0.00110, 0.00265, 0.00566, 0.00796, 0.00000, 0.03092, 3233903
0.00, 2500, 24, 48, 100000, 0, 0.00000, 0.01343, 0.00068, 0.00086, 0.00267, 0.00337, 0.00749, 0.00000, 0.02850, 3508543
0.00, 2500, 24, 49, 100000, 0, 0.00000, 0.01655, 0.00047, 0.00051, 0.00262, 0.00341, 0.00707, 0.00000, 0.03063, 3265040
0.00, 2500, 24, 50, 100000, 0, 0.00000, 0.01328, 0.00070, 0.00085, 0.00220, 0.00390, 0.00769, 0.00000, 0.02862, 3494038
0.00, 2500, 24, 51, 100000, 0, 0.00000, 0.01246, 0.00049, 0.00051, 0.00260, 0.00539, 0.00750, 0.00000, 0.02896, 3452744
0.00, 2500, 24, 52, 100000, 0, 0.00000, 0.01240, 0.00047, 0.00052, 0.00289, 0.00334, 0.00787, 0.00000, 0.02749, 3637590
0.00, 2500, 24, 53, 100000, 0, 0.00000, 0.01689, 0.00075, 0.00090, 0.00235, 0.00919, 0.00724, 0.00000, 0.03732, 2679217
0.00, 2500, 24, 54, 100000, 0, 0.00000, 0.01375, 0.00074, 0.00090, 0.00281, 0.00340, 0.00801, 0.00000, 0.02961, 3376680
0.00, 2500, 24, 55, 100000, 0, 0.00000, 0.01345, 0.00077, 0.00097, 0.00246, 0.00361, 0.00740, 0.00000, 0.02866, 3489592
0.00, 2500, 24, 56, 100000, 0, 0.00000, 0.01281, 0.00052, 0.00062, 0.00251, 0.00550, 0.00751, 0.00000, 0.02948, 3391890
0.00, 2500, 24, 57, 100000, 0, 0.00000, 0.01866, 0.00059, 0.00070, 0.00220, 0.00370, 0.00665, 0.00000, 0.03250, 3076722
0.00, 2500, 24, 58, 100000, 0, 0.00000, 0.01270, 0.00047, 0.00052, 0.00238, 0.00314, 0.00723, 0.00000, 0.02644, 3782530
0.00, 2500, 24, 59, 100000, 0, 0.00000, 0.01265, 0.00049, 0.00058, 0.00268, 0.00316, 0.00801, 0.00000, 0.02757, 3626903
0.00, 2500, 24, 60, 100000, 0, 0.00000, 0.02232, 0.00090, 0.00110, 0.00596, 0.00367, 0.00754, 0.00000, 0.04150, 2409591
0.00, 2500, 24, 61, 100000, 0, 0.00000, 0.01229, 0.00057, 0.00060, 0.00266, 0.00322, 0.00778, 0.00000, 0.02712, 3687611
0.00, 2500, 24, 62, 100000, 0, 0.00000, 0.01255, 0.00079, 0.00090, 0.00242, 0.00367, 0.00738, 0.00000, 0.02772, 3607750
0.00, 2500, 24, 63, 100000, 0, 0.00000, 0.01548, 0.00056, 0.00062, 0.00193, 0.00326, 0.00631, 0.00000, 0.02815, 3551856
0.00, 2500, 24, 64, 100000, 0, 0.00000, 0.01149, 0.00046, 0.00051, 0.00221, 0.00378, 0.00745, 0.00000, 0.02590, 3861391
0.00, 2500, 24, 65, 100000, 0, 0.00000, 0.01151, 0.00046, 0.00051, 0.00221, 0.00346, 0.00740, 0.00000, 0.02556, 3911684
0.00, 2500, 24, 66, 100000, 0, 0.00000, 0.01229, 0.00041, 0.00052, 0.00266, 0.00563, 0.00797, 0.00000, 0.02949, 3391500
0.00, 2500, 24, 67, 100000, 0, 0.00000, 0.01787, 0.00075, 0.00091, 0.00212, 0.00365, 0.00700, 0.00000, 0.03230, 3096003
0.00, 2500, 24, 68, 100000, 0, 0.00000, 0.01287, 0.00054, 0.00065, 0.00260, 0.00330, 0.00807, 0.00000, 0.02804, 3566696
0.00, 2500, 24, 69, 100000, 0, 0.00000, 0.01778, 0.00089, 0.00100, 0.00207, 0.00440, 0.00645, 0.00000, 0.03259, 3068070
0.00, 2500, 24, 70, 100000, 0, 0.00000, 0.01280, 0.00046, 0.00055, 0.00235, 0.00542, 0.00725, 0.00000, 0.02882, 3469543
0.00, 2500, 24, 71, 100000, 0, 0.00000, 0.01293, 0.00047, 0.00055, 0.00297, 0.00539, 0.00797, 0.00000, 0.03027, 3303641
0.00, 2500, 24, 72, 100000, 0, 0.00000, 0.01702, 0.00114, 0.00141, 0.00217, 0.00327, 0.00682, 0.00000, 0.03184, 3140942
0.00, 2500, 24, 73, 100000, 0, 0.00000, 0.01268, 0.00073, 0.00067, 0.00210, 0.00603, 0.00810, 0.00000, 0.03030, 3300122
0.00, 2500, 24, 74, 100000, 0, 0.00000, 0.01299, 0.00078, 0.00090, 0.00274, 0.00379, 0.00799, 0.00000, 0.02918, 3426984
0.00, 2500, 24, 75, 100000, 0, 0.00000, 0.01791, 0.00074, 0.00090, 0.00237, 0.00339, 0.00670, 0.00000, 0.03201, 3124426
0.00, 2500, 24, 76, 100000, 0, 0.00000, 0.01329, 0.00087, 0.00079, 0.00244, 0.00367, 0.00775, 0.00000, 0.02881, 3470552
0.00, 2500, 24, 77, 100000, 0, 0.00000, 0.01303, 0.00068, 0.00081, 0.00213, 0.00334, 0.00813, 0.00000, 0.02812, 3555608
0.00, 2500, 24, 78, 100000, 0, 0.00000, 0.01816, 0.00077, 0.00090, 0.00240, 0.00364, 0.00703, 0.00000, 0.03289, 3040526
0.00, 2500, 24, 79, 100000, 0, 0.00000, 0.01258, 0.00085, 0.00096, 0.00274, 0.00333, 0.00786, 0.00000, 0.02832, 3530480
0.00, 2500, 24, 80, 100000, 0, 0.00000, 0.01624, 0.00092, 0.00110, 0.00236, 0.00391, 0.00735, 0.00000, 0.03187, 3137488
0.00, 2500, 24, 81, 100000, 0, 0.00000, 0.01161, 0.00051, 0.00055, 0.00272, 0.00380, 0.00785, 0.00000, 0.02705, 3697230
0.00, 2500, 24, 82, 100000, 0, 0.00000, 0.01321, 0.00075, 0.00075, 0.00267, 0.00348, 0.00799, 0.00000, 0.02884, 3466995
0.00, 2500, 24, 83, 100000, 0, 0.00000, 0.01660, 0.00076, 0.00091, 0.00202, 0.00334, 0.00644, 0.00000, 0.03008, 3324594
0.00, 2500, 24, 84, 100000, 0, 0.00000, 0.01217, 0.00048, 0.00052, 0.00274, 0.00359, 0.00795, 0.00000, 0.02744, 3644061
0.00, 2500, 24, 85, 100000, 0, 0.00000, 0.01346, 0.00071, 0.00091, 0.00225, 0.00356, 0.00742, 0.00000, 0.02832, 3531620
0.00, 2500, 24, 86, 100000, 0, 0.00000, 0.01745, 0.00049, 0.00052, 0.00234, 0.00341, 0.00707, 0.00000, 0.03127, 3197519
0.00, 2500, 24, 87, 100000, 0, 0.00000, 0.01344, 0.00076, 0.00096, 0.00246, 0.00322, 0.00742, 0.00000, 0.02827, 3537444
0.00, 2500, 24, 88, 100000, 0, 0.00000, 0.01277, 0.00062, 0.00074, 0.00277, 0.00567, 0.00739, 0.00000, 0.02997, 3337121
0.00, 2500, 24, 89, 100000, 0, 0.00000, 0.01881, 0.00058, 0.00073, 0.00297, 0.00473, 0.00718, 0.00000, 0.03500, 2856978
0.00, 2500, 24, 90, 100000, 0, 0.00000, 0.01278, 0.00049, 0.00061, 0.00221, 0.01266, 0.00776, 0.00000, 0.03651, 2738980
0.00, 2500, 24, 91, 100000, 0, 0.00000, 0.01349, 0.00075, 0.00091, 0.00221, 0.00321, 0.00709, 0.00000, 0.02765, 3616372
0.00, 2500, 24, 92, 100000, 0, 0.00000, 0.01698, 0.00050, 0.00053, 0.00212, 0.00357, 0.00627, 0.00000, 0.02997, 3337181
0.00, 2500, 24, 93, 100000, 0, 0.00000, 0.01251, 0.00049, 0.00052, 0.00275, 0.00559, 0.00802, 0.00000, 0.02989, 3345803
0.00, 2500, 24, 94, 100000, 0, 0.00000, 0.01291, 0.00079, 0.00096, 0.00227, 0.00555, 0.00776, 0.00000, 0.03024, 3307376
0.00, 2500, 24, 95, 100000, 0, 0.00000, 0.01681, 0.00060, 0.00073, 0.00225, 0.00482, 0.00649, 0.00000, 0.03170, 3154280
0.00, 2500, 24, 96, 100000, 0, 0.00000, 0.01285, 0.00050, 0.00060, 0.00216, 0.00367, 0.00731, 0.00000, 0.02710, 3689623
0.00, 2500, 24, 97, 100000, 0, 0.00000, 0.01260, 0.00054, 0.00063, 0.00230, 0.00574, 0.00801, 0.00000, 0.02982, 3353896
0.00, 2500, 24, 98, 100000, 0, 0.00000, 0.01739, 0.00076, 0.00093, 0.00272, 0.00567, 0.00738, 0.00000, 0.03485, 2869499
0.00, 2500, 24, 99, 100000, 0, 0.00000, 0.01266, 0.00085, 0.00085, 0.00206, 0.00339, 0.00787, 0.00000, 0.02768, 3612502
0.00, 2500, 24, 100, 100000, 0, 0.00000, 0.01673, 0.00069, 0.00086, 0.00209, 0.00330, 0.00680, 0.00000, 0.03046, 3282955
0.00, 2500, 24, total, 10000000,, 0.00000, 1.70335, 0.06639, 0.07691, 0.24673, 0.41256, 0.75218, 0.00001, 3.25813, 3069245.00000
