zipfian_const, NR_DPUS, NR_TASKLETS, batch_num, num_keys, max_query_num, preprocess_time1, preprocess_time2, migration_plan_time, migration_time, send_time, execution_time, receive_result_time, merge_time, batch_time, throughput
0.00, 2500, 24, 1, 100000, 0, 0.00000, 0.30284, 0.00018, 0.00016, 0.00319, 0.00307, 0.00324, 0.00000, 0.31268, 319813
0.00, 2500, 24, 2, 100000, 0, 0.00000, 0.00466, 0.00024, 0.00020, 0.00206, 0.00208, 0.00271, 0.00000, 0.01196, 8361985
0.00, 2500, 24, 3, 100000, 0, 0.00000, 0.00501, 0.00029, 0.00028, 0.00209, 0.00369, 0.00299, 0.00000, 0.01436, 6962812
0.00, 2500, 24, 4, 100000, 0, 0.00000, 0.00528, 0.00022, 0.00015, 0.00249, 0.00236, 0.00358, 0.00000, 0.01408, 7102586
0.00, 2500, 24, 5, 100000, 0, 0.00000, 0.00568, 0.00053, 0.00034, 0.00242, 0.00227, 0.00336, 0.00000, 0.01460, 6849822
0.00, 2500, 24, 6, 100000, 0, 0.00000, 0.00616, 0.00048, 0.00032, 0.00264, 0.00372, 0.00315, 0.00000, 0.01647, 6072192
0.00, 2500, 24, 7, 100000, 0, 0.00000, 0.00578, 0.00036, 0.00023, 0.00270, 0.00239, 0.00313, 0.00000, 0.01460, 6847601
0.00, 2500, 24, 8, 100000, 0, 0.00000, 0.00555, 0.00037, 0.00028, 0.00238, 0.00242, 0.00315, 0.00000, 0.01415, 7066222
0.00, 2500, 24, 9, 100000, 0, 0.00000, 0.00539, 0.00031, 0.00019, 0.00266, 0.00238, 0.00358, 0.00000, 0.01452, 6889125
0.00, 2500, 24, 10, 100000, 0, 0.00000, 0.00586, 0.00052, 0.00043, 0.00247, 0.00221, 0.00318, 0.00000, 0.01468, 6813730
0.00, 2500, 24, 11, 100000, 0, 0.00000, 0.00558, 0.00034, 0.00028, 0.00265, 0.00242, 0.00332, 0.00000, 0.01458, 6857836
0.00, 2500, 24, 12, 100000, 0, 0.00000, 0.00579, 0.00045, 0.00026, 0.00258, 0.00241, 0.00322, 0.00000, 0.01472, 6793064
0.00, 2500, 24, 13, 100000, 0, 0.00000, 0.00573, 0.00041, 0.00035, 0.00269, 0.00229, 0.00323, 0.00000, 0.01469, 6806403
0.00, 2500, 24, 14, 100000, 0, 0.00000, 0.00564, 0.00037, 0.00024, 0.00248, 0.00243, 0.00323, 0.00000, 0.01439, 6951021
0.00, 2500, 24, 15, 100000, 0, 0.00000, 0.00551, 0.00035, 0.00028, 0.00335, 0.00280, 0.00368, 0.00000, 0.01596, 6264332
0.00, 2500, 24, 16, 100000, 0, 0.00000, 0.00610, 0.00052, 0.00035, 0.00265, 0.00355, 0.00331, 0.00000, 0.01647, 6070596
0.00, 2500, 24, 17, 100000, 0, 0.00000, 0.00615, 0.00051, 0.00053, 0.00277, 0.00370, 0.00309, 0.00000, 0.01675, 5970140
0.00, 2500, 24, 18, 100000, 0, 0.00000, 0.00564, 0.00040, 0.00034, 0.00268, 0.00261, 0.00332, 0.00000, 0.01499, 6669084
0.00, 2500, 24, 19, 100000, 0, 0.00000, 0.00626, 0.00051, 0.00045, 0.00282, 0.00237, 0.00330, 0.00000, 0.01572, 6361482
0.00, 2500, 24, 20, 100000, 0, 0.00000, 0.00629, 0.00051, 0.00045, 0.00280, 0.00236, 0.00344, 0.00000, 0.01585, 6309128
0.00, 2500, 24, 21, 100000, 0, 0.00000, 0.00595, 0.00046, 0.00047, 0.00243, 0.00236, 0.00316, 0.00000, 0.01484, 6740790
0.00, 2500, 24, 22, 100000, 0, 0.00000, 0.00558, 0.00037, 0.00028, 0.00271, 0.00228, 0.00353, 0.00000, 0.01476, 6774170
0.00, 2500, 24, 23, 100000, 0, 0.00000, 0.00586, 0.00052, 0.00042, 0.00275, 0.00233, 0.00333, 0.00000, 0.01522, 6571756
0.00, 2500, 24, 24, 100000, 0, 0.00000, 0.00630, 0.00051, 0.00042, 0.00226, 0.00238, 0.00312, 0.00000, 0.01498, 6677154
0.00, 2500, 24, 25, 100000, 0, 0.00000, 0.00528, 0.00031, 0.00019, 0.00235, 0.00246, 0.00318, 0.00000, 0.01378, 7257392
0.00, 2500, 24, 26, 100000, 0, 0.00000, 0.00529, 0.00029, 0.00019, 0.00202, 0.00380, 0.00294, 0.00000, 0.01453, 6880938
0.00, 2500, 24, 27, 100000, 0, 0.00000, 0.00529, 0.00030, 0.00023, 0.00220, 0.00243, 0.00308, 0.00000, 0.01354, 7385205
0.00, 2500, 24, 28, 100000, 0, 0.00000, 0.00525, 0.00029, 0.00023, 0.00253, 0.00254, 0.00332, 0.00000, 0.01416, 7063190
0.00, 2500, 24, 29, 100000, 0, 0.00000, 0.00622, 0.00051, 0.00045, 0.00265, 0.00244, 0.00333, 0.00000, 0.01561, 6407472
0.00, 2500, 24, 30, 100000, 0, 0.00000, 0.00623, 0.00052, 0.00037, 0.00233, 0.00401, 0.00314, 0.00000, 0.01660, 6025888
0.00, 2500, 24, 31, 100000, 0, 0.00000, 0.00583, 0.00043, 0.00035, 0.00226, 0.00229, 0.00311, 0.00000, 0.01428, 7003634
0.00, 2500, 24, 32, 100000, 0, 0.00000, 0.00567, 0.00040, 0.00026, 0.00232, 0.00240, 0.00311, 0.00000, 0.01417, 7057310
0.00, 2500, 24, 33, 100000, 0, 0.00000, 0.00556, 0.00034, 0.00030, 0.00266, 0.00388, 0.00336, 0.00000, 0.01610, 6210978
0.00, 2500, 24, 34, 100000, 0, 0.00000, 0.00624, 0.00051, 0.00037, 0.00234, 0.00231, 0.00329, 0.00000, 0.01507, 6636410
0.00, 2500, 24, 35, 100000, 0, 0.00000, 0.00583, 0.00043, 0.00027, 0.00233, 0.00247, 0.00306, 0.00000, 0.01438, 6953316
0.00, 2500, 24, 36, 100000, 0, 0.00000, 0.00573, 0.00041, 0.00027, 0.00250, 0.00255, 0.00337, 0.00000, 0.01483, 6744958
0.00, 2500, 24, 37, 100000, 0, 0.00000, 0.00598, 0.00047, 0.00035, 0.00257, 0.00660, 0.00333, 0.00000, 0.01930, 5181296
0.00, 2500, 24, 38, 100000, 0, 0.00000, 0.00541, 0.00027, 0.00027, 0.00244, 0.00249, 0.00328, 0.00000, 0.01416, 7061230
0.00, 2500, 24, 39, 100000, 0, 0.00000, 0.00550, 0.00044, 0.00029, 0.00275, 0.00249, 0.00334, 0.00000, 0.01480, 6754890
0.00, 2500, 24, 40, 100000, 0, 0.00000, 0.00613, 0.00051, 0.00043, 0.00276, 0.00254, 0.00341, 0.00000, 0.01578, 6337110
0.00, 2500, 24, 41, 100000, 0, 0.00000, 0.00608, 0.00054, 0.00042, 0.00287, 0.00396, 0.00309, 0.00000, 0.01695, 5899642
0.00, 2500, 24, 42, 100000, 0, 0.00000, 0.00565, 0.00040, 0.00025, 0.00229, 0.00247, 0.00337, 0.00000, 0.01443, 6930456
0.00, 2500, 24, 43, 100000, 0, 0.00000, 0.00529, 0.00029, 0.00030, 0.00218, 0.00385, 0.00345, 0.00000, 0.01535, 6515192
0.00, 2500, 24, 44, 100000, 0, 0.00000, 0.00582, 0.00052, 0.00045, 0.00278, 0.00238, 0.00343, 0.00000, 0.01537, 6504529
0.00, 2500, 24, 45, 100000, 0, 0.00000, 0.00563, 0.00047, 0.00031, 0.00269, 0.00264, 0.00328, 0.00000, 0.01502, 6657332
0.00, 2500, 24, 46, 100000, 0, 0.00000, 0.00616, 0.00051, 0.00044, 0.00266, 0.00454, 0.00347, 0.00000, 0.01779, 5620056
0.00, 2500, 24, 47, 100000, 0, 0.00000, 0.00622, 0.00052, 0.00032, 0.00280, 0.00243, 0.00324, 0.00000, 0.01553, 6440084
0.00, 2500, 24, 48, 100000, 0, 0.00000, 0.00620, 0.00052, 0.00044, 0.00263, 0.00240, 0.00321, 0.00000, 0.01540, 6492896
0.00, 2500, 24, 49, 100000, 0, 0.00000, 0.00623, 0.00051, 0.00033, 0.00259, 0.00391, 0.00334, 0.00000, 0.01691, 5914426
0.00, 2500, 24, 50, 100000, 0, 0.00000, 0.00624, 0.00051, 0.00032, 0.00268, 0.00391, 0.00338, 0.00000, 0.01704, 5866935
0.00, 2500, 24, 51, 100000, 0, 0.00000, 0.00626, 0.00051, 0.00041, 0.00253, 0.00239, 0.00348, 0.00000, 0.01558, 6419106
0.00, 2500, 24, 52, 100000, 0, 0.00000, 0.00599, 0.00047, 0.00031, 0.00292, 0.00238, 0.00340, 0.00000, 0.01547, 6464716
0.00, 2500, 24, 53, 100000, 0, 0.00000, 0.00621, 0.00052, 0.00042, 0.00273, 0.00264, 0.00348, 0.00000, 0.01600, 6251847
0.00, 2500, 24, 54, 100000, 0, 0.00000, 0.00567, 0.00051, 0.00045, 0.00234, 0.00254, 0.00318, 0.00000, 0.01470, 6802744
0.00, 2500, 24, 55, 100000, 0, 0.00000, 0.00556, 0.00032, 0.00026, 0.00257, 0.00260, 0.00319, 0.00000, 0.01450, 6897612
0.00, 2500, 24, 56, 100000, 0, 0.00000, 0.00578, 0.00039, 0.00027, 0.00263, 0.00253, 0.00332, 0.00000, 0.01492, 6702770
0.00, 2500, 24, 57, 100000, 0, 0.00000, 0.00614, 0.00046, 0.00043, 0.00285, 0.00397, 0.00344, 0.00000, 0.01728, 5785928
0.00, 2500, 24, 58, 100000, 0, 0.00000, 0.00638, 0.00050, 0.00036, 0.00256, 0.00380, 0.00320, 0.00000, 0.01680, 5953945
0.00, 2500, 24, 59, 100000, 0, 0.00000, 0.00632, 0.00051, 0.00053, 0.00283, 0.00251, 0.00337, 0.00000, 0.01607, 6220925
0.00, 2500, 24, 60, 100000, 0, 0.00000, 0.00624, 0.00052, 0.00044, 0.00243, 0.00377, 0.00355, 0.00000, 0.01695, 5899358
0.00, 2500, 24, 61, 100000, 0, 0.00000, 0.00642, 0.00052, 0.00035, 0.00269, 0.00242, 0.00327, 0.00000, 0.01567, 6382882
0.00, 2500, 24, 62, 100000, 0, 0.00000, 0.00637, 0.00052, 0.00039, 0.00282, 0.00294, 0.00336, 0.00000, 0.01640, 6098358
0.00, 2500, 24, 63, 100000, 0, 0.00000, 0.00619, 0.00051, 0.00044, 0.00232, 0.00374, 0.00316, 0.00000, 0.01637, 6110514
0.00, 2500, 24, 64, 100000, 0, 0.00000, 0.00565, 0.00037, 0.00024, 0.00249, 0.00249, 0.00304, 0.00000, 0.01429, 6997461
0.00, 2500, 24, 65, 100000, 0, 0.00000, 0.00536, 0.00030, 0.00024, 0.00235, 0.00259, 0.00345, 0.00000, 0.01429, 6997645
0.00, 2500, 24, 66, 100000, 0, 0.00000, 0.00598, 0.00047, 0.00048, 0.00283, 0.00235, 0.00330, 0.00000, 0.01542, 6485046
0.00, 2500, 24, 67, 100000, 0, 0.00000, 0.00615, 0.00051, 0.00045, 0.00238, 0.00371, 0.00345, 0.00000, 0.01665, 6007505
0.00, 2500, 24, 68, 100000, 0, 0.00000, 0.00607, 0.00051, 0.00044, 0.00260, 0.00260, 0.00322, 0.00000, 0.01544, 6475031
0.00, 2500, 24, 69, 100000, 0, 0.00000, 0.00560, 0.00039, 0.00026, 0.00250, 0.00235, 0.00313, 0.00000, 0.01425, 7018800
0.00, 2500, 24, 70, 100000, 0, 0.00000, 0.00542, 0.00034, 0.00028, 0.00242, 0.00252, 0.00315, 0.00000, 0.01413, 7078778
0.00, 2500, 24, 71, 100000, 0, 0.00000, 0.00540, 0.00032, 0.00026, 0.00260, 0.00258, 0.00345, 0.00000, 0.01461, 6846826
0.00, 2500, 24, 72, 100000, 0, 0.00000, 0.00603, 0.00052, 0.00042, 0.00245, 0.00269, 0.00340, 0.00000, 0.01550, 6450710
0.00, 2500, 24, 73, 100000, 0, 0.00000, 0.00589, 0.00051, 0.00044, 0.00249, 0.00267, 0.00340, 0.00000, 0.01541, 6487702
0.00, 2500, 24, 74, 100000, 0, 0.00000, 0.00591, 0.00051, 0.00042, 0.00288, 0.00314, 0.00334, 0.00000, 0.01618, 6179014
0.00, 2500, 24, 75, 100000, 0, 0.00000, 0.00546, 0.00051, 0.00026, 0.00249, 0.00262, 0.00311, 0.00000, 0.01444, 6923328
0.00, 2500, 24, 76, 100000, 0, 0.00000, 0.00526, 0.00028, 0.00023, 0.00218, 0.00386, 0.00300, 0.00000, 0.01482, 6748604
0.00, 2500, 24, 77, 100000, 0, 0.00000, 0.00521, 0.00026, 0.00021, 0.00220, 0.00249, 0.00303, 0.00000, 0.01340, 7463559
0.00, 2500, 24, 78, 100000, 0, 0.00000, 0.00529, 0.00028, 0.00022, 0.00217, 0.00362, 0.00339, 0.00000, 0.01497, 6679296
0.00, 2500, 24, 79, 100000, 0, 0.00000, 0.00514, 0.00025, 0.00020, 0.00250, 0.00247, 0.00347, 0.00000, 0.01403, 7129948
0.00, 2500, 24, 80, 100000, 0, 0.00000, 0.00610, 0.00051, 0.00034, 0.00260, 0.00814, 0.00340, 0.00000, 0.02109, 4741363
0.00, 2500, 24, 81, 100000, 0, 0.00000, 0.00614, 0.00052, 0.00040, 0.00231, 0.00276, 0.00319, 0.00000, 0.01531, 6531520
0.00, 2500, 24, 82, 100000, 0, 0.00000, 0.00616, 0.00050, 0.00034, 0.00257, 0.00255, 0.00347, 0.00000, 0.01559, 6416344
0.00, 2500, 24, 83, 100000, 0, 0.00000, 0.00575, 0.00043, 0.00040, 0.00274, 0.00391, 0.00311, 0.00000, 0.01635, 6117958
0.00, 2500, 24, 84, 100000, 0, 0.00000, 0.00594, 0.00047, 0.00031, 0.00265, 0.00289, 0.00320, 0.00000, 0.01545, 6470878
0.00, 2500, 24, 85, 100000, 0, 0.00000, 0.00553, 0.00039, 0.00025, 0.00248, 0.00279, 0.00310, 0.00000, 0.01453, 6880232
0.00, 2500, 24, 86, 100000, 0, 0.00000, 0.00542, 0.00032, 0.00033, 0.00249, 0.00263, 0.00343, 0.00000, 0.01462, 6839223
0.00, 2500, 24, 87, 100000, 0, 0.00000, 0.00623, 0.00052, 0.00042, 0.00290, 0.00267, 0.00330, 0.00000, 0.01605, 6232458
0.00, 2500, 24, 88, 100000, 0, 0.00000, 0.00624, 0.00050, 0.00034, 0.00272, 0.00291, 0.00335, 0.00000, 0.01606, 6227864
0.00, 2500, 24, 89, 100000, 0, 0.00000, 0.00623, 0.00053, 0.00034, 0.00266, 0.00386, 0.00326, 0.00000, 0.01688, 5925238
0.00, 2500, 24, 90, 100000, 0, 0.00000, 0.00589, 0.00042, 0.00027, 0.00243, 0.00260, 0.00315, 0.00000, 0.01476, 6776273
0.00, 2500, 24, 91, 100000, 0, 0.00000, 0.00553, 0.00034, 0.00023, 0.00259, 0.00252, 0.00326, 0.00000, 0.01448, 6904902
0.00, 2500, 24, 92, 100000, 0, 0.00000, 0.00537, 0.00027, 0.00022, 0.00207, 0.00297, 0.00316, 0.00000, 0.01406, 7114124
0.00, 2500, 24, 93, 100000, 0, 0.00000, 0.00525, 0.00025, 0.00021, 0.00206, 0.00255, 0.00302, 0.00000, 0.01334, 7497162
0.00, 2500, 24, 94, 100000, 0, 0.00000, 0.00520, 0.00024, 0.00015, 0.00214, 0.00405, 0.00339, 0.00000, 0.01518, 6586583
0.00, 2500, 24, 95, 100000, 0, 0.00000, 0.00611, 0.00052, 0.00035, 0.00267, 0.00299, 0.00331, 0.00000, 0.01594, 6273350
0.00, 2500, 24, 96, 100000, 0, 0.00000, 0.00555, 0.00037, 0.00032, 0.00223, 0.00280, 0.00307, 0.00000, 0.01435, 6969660
0.00, 2500, 24, 97, 100000, 0, 0.00000, 0.00771, 0.00027, 0.00017, 0.00203, 0.00299, 0.00269, 0.00000, 0.01586, 6306007
0.00, 2500, 24, 98, 100000, 0, 0.00000, 0.00532, 0.00031, 0.00024, 0.00222, 0.00291, 0.00298, 0.00000, 0.01399, 7149283
0.00, 2500, 24, 99, 100000, 0, 0.00000, 0.00514, 0.00028, 0.00023, 0.00249, 0.00241, 0.00347, 0.00000, 0.01401, 7137956
0.00, 2500, 24, 100, 100000, 0, 0.00000, 0.00535, 0.00025, 0.00021, 0.00212, 0.00377, 0.00348, 0.00000, 0.01518, 6586882
0.00, 2500, 24, total, 10000000,, 0.00000, 0.87703, 0.04176, 0.03230, 0.25282, 0.29377, 0.32678, 0.00001, 1.82448, 5480999.50000
