zipfian_const, NR_DPUS, NR_TASKLETS, batch_num, num_keys, max_query_num, preprocess_time1, preprocess_time2, migration_plan_time, migration_time, send_time, execution_time, receive_result_time, merge_time, batch_time, throughput
0.00, 2500, 24, 1, 100000, 0, 0.00000, 0.27528, 0.00019, 0.00015, 0.00242, 0.00143, 0.23508, 0.00000, 0.51455, 194344
0.00, 2500, 24, 2, 100000, 0, 0.00000, 0.00493, 0.00018, 0.00015, 0.00203, 0.00245, 0.00204, 0.00000, 0.01178, 8491137
0.00, 2500, 24, 3, 100000, 0, 0.00000, 0.00487, 0.00025, 0.00017, 0.00226, 0.00143, 0.00215, 0.00000, 0.01113, 8987188
0.00, 2500, 24, 4, 100000, 0, 0.00000, 0.00505, 0.00025, 0.00015, 0.00203, 0.00154, 0.00227, 0.00000, 0.01129, 8861142
0.00, 2500, 24, 5, 100000, 0, 0.00000, 0.00499, 0.00029, 0.00021, 0.00207, 0.00162, 0.00303, 0.00000, 0.01221, 8187732
0.00, 2500, 24, 6, 100000, 0, 0.00000, 0.00601, 0.00051, 0.00032, 0.00250, 0.00160, 0.00290, 0.00000, 0.01385, 7218232
0.00, 2500, 24, 7, 100000, 0, 0.00000, 0.00584, 0.00046, 0.00029, 0.00233, 0.00241, 0.00308, 0.00000, 0.01442, 6935758
0.00, 2500, 24, 8, 100000, 0, 0.00000, 0.00602, 0.00052, 0.00040, 0.00227, 0.00162, 0.00291, 0.00000, 0.01374, 7275720
0.00, 2500, 24, 9, 100000, 0, 0.00000, 0.00625, 0.00053, 0.00037, 0.00255, 0.00163, 0.00277, 0.00000, 0.01409, 7096248
0.00, 2500, 24, 10, 100000, 0, 0.00000, 0.00625, 0.00054, 0.00044, 0.00277, 0.00240, 0.00292, 0.00000, 0.01531, 6533677
0.00, 2500, 24, 11, 100000, 0, 0.00000, 0.00607, 0.00051, 0.00034, 0.00265, 0.00162, 0.00295, 0.00000, 0.01414, 7070690
0.00, 2500, 24, 12, 100000, 0, 0.00000, 0.00619, 0.00050, 0.00040, 0.00271, 0.00160, 0.00322, 0.00000, 0.01461, 6843116
0.00, 2500, 24, 13, 100000, 0, 0.00000, 0.00625, 0.00052, 0.00034, 0.00258, 0.00161, 0.00283, 0.00000, 0.01413, 7075256
0.00, 2500, 24, 14, 100000, 0, 0.00000, 0.00622, 0.00051, 0.00032, 0.00260, 0.00160, 0.00260, 0.00000, 0.01385, 7217620
0.00, 2500, 24, 15, 100000, 0, 0.00000, 0.00621, 0.00052, 0.00034, 0.00270, 0.00241, 0.00248, 0.00000, 0.01466, 6819105
0.00, 2500, 24, 16, 100000, 0, 0.00000, 0.00624, 0.00051, 0.00033, 0.00264, 0.00241, 0.00344, 0.00000, 0.01559, 6416312
0.00, 2500, 24, 17, 100000, 0, 0.00000, 0.00626, 0.00051, 0.00038, 0.00239, 0.00241, 0.00284, 0.00000, 0.01480, 6757917
0.00, 2500, 24, 18, 100000, 0, 0.00000, 0.00571, 0.00051, 0.00034, 0.00272, 0.00180, 0.00270, 0.00000, 0.01379, 7253384
0.00, 2500, 24, 19, 100000, 0, 0.00000, 0.00571, 0.00052, 0.00042, 0.00273, 0.00165, 0.00294, 0.00000, 0.01395, 7167835
0.00, 2500, 24, 20, 100000, 0, 0.00000, 0.00767, 0.00052, 0.00043, 0.00325, 0.00231, 0.00298, 0.00000, 0.01715, 5830926
0.00, 2500, 24, 21, 100000, 0, 0.00000, 0.00633, 0.00051, 0.00040, 0.00255, 0.00157, 0.00270, 0.00000, 0.01405, 7116801
0.00, 2500, 24, 22, 100000, 0, 0.00000, 0.00630, 0.00047, 0.00041, 0.00273, 0.00158, 0.00285, 0.00000, 0.01433, 6976372
0.00, 2500, 24, 23, 100000, 0, 0.00000, 0.00573, 0.00053, 0.00034, 0.00270, 0.00157, 0.00276, 0.00000, 0.01364, 7333662
0.00, 2500, 24, 24, 100000, 0, 0.00000, 0.00607, 0.00051, 0.00036, 0.00279, 0.00158, 0.00290, 0.00000, 0.01420, 7043520
0.00, 2500, 24, 25, 100000, 0, 0.00000, 0.00576, 0.00052, 0.00034, 0.00260, 0.00157, 0.00294, 0.00000, 0.01374, 7279786
0.00, 2500, 24, 26, 100000, 0, 0.00000, 0.00547, 0.00042, 0.00034, 0.00255, 0.00158, 0.00292, 0.00000, 0.01328, 7532393
0.00, 2500, 24, 27, 100000, 0, 0.00000, 0.00589, 0.00051, 0.00042, 0.00283, 0.00242, 0.00294, 0.00000, 0.01501, 6660506
0.00, 2500, 24, 28, 100000, 0, 0.00000, 0.00581, 0.00051, 0.00036, 0.00215, 0.00242, 0.00308, 0.00000, 0.01432, 6981894
0.00, 2500, 24, 29, 100000, 0, 0.00000, 0.00542, 0.00075, 0.00025, 0.00237, 0.00159, 0.00257, 0.00000, 0.01296, 7715551
0.00, 2500, 24, 30, 100000, 0, 0.00000, 0.00532, 0.00034, 0.00022, 0.00218, 0.00169, 0.00266, 0.00000, 0.01240, 8062835
0.00, 2500, 24, 31, 100000, 0, 0.00000, 0.00530, 0.00035, 0.00027, 0.00234, 0.00155, 0.00251, 0.00000, 0.01231, 8126068
0.00, 2500, 24, 32, 100000, 0, 0.00000, 0.00513, 0.00029, 0.00019, 0.00221, 0.00155, 0.00254, 0.00000, 0.01190, 8405496
0.00, 2500, 24, 33, 100000, 0, 0.00000, 0.00530, 0.00035, 0.00023, 0.00236, 0.00158, 0.00281, 0.00000, 0.01263, 7920646
0.00, 2500, 24, 34, 100000, 0, 0.00000, 0.00552, 0.00047, 0.00041, 0.00262, 0.00239, 0.00269, 0.00000, 0.01408, 7100242
0.00, 2500, 24, 35, 100000, 0, 0.00000, 0.00592, 0.00051, 0.00034, 0.00262, 0.00158, 0.00287, 0.00000, 0.01384, 7225304
0.00, 2500, 24, 36, 100000, 0, 0.00000, 0.00589, 0.00052, 0.00032, 0.00280, 0.00250, 0.00334, 0.00000, 0.01538, 6503679
0.00, 2500, 24, 37, 100000, 0, 0.00000, 0.00611, 0.00052, 0.00034, 0.00251, 0.00180, 0.00269, 0.00000, 0.01398, 7155620
0.00, 2500, 24, 38, 100000, 0, 0.00000, 0.00610, 0.00052, 0.00036, 0.00253, 0.00163, 0.00280, 0.00000, 0.01393, 7177356
0.00, 2500, 24, 39, 100000, 0, 0.00000, 0.00613, 0.00052, 0.00034, 0.00268, 0.00169, 0.00323, 0.00000, 0.01459, 6856004
0.00, 2500, 24, 40, 100000, 0, 0.00000, 0.00613, 0.00051, 0.00034, 0.00283, 0.00187, 0.00306, 0.00000, 0.01474, 6784904
0.00, 2500, 24, 41, 100000, 0, 0.00000, 0.00568, 0.00052, 0.00045, 0.00269, 0.00159, 0.00281, 0.00000, 0.01374, 7276166
0.00, 2500, 24, 42, 100000, 0, 0.00000, 0.00620, 0.00052, 0.00034, 0.00223, 0.00160, 0.00293, 0.00000, 0.01382, 7233632
0.00, 2500, 24, 43, 100000, 0, 0.00000, 0.00618, 0.00051, 0.00035, 0.00235, 0.00154, 0.00298, 0.00000, 0.01391, 7189100
0.00, 2500, 24, 44, 100000, 0, 0.00000, 0.00622, 0.00052, 0.00051, 0.00239, 0.00158, 0.00250, 0.00000, 0.01371, 7293050
0.00, 2500, 24, 45, 100000, 0, 0.00000, 0.00621, 0.00052, 0.00034, 0.00269, 0.00242, 0.00268, 0.00000, 0.01487, 6725832
0.00, 2500, 24, 46, 100000, 0, 0.00000, 0.00621, 0.00051, 0.00034, 0.00244, 0.00159, 0.00299, 0.00000, 0.01409, 7096740
0.00, 2500, 24, 47, 100000, 0, 0.00000, 0.00627, 0.00051, 0.00051, 0.00255, 0.00156, 0.00269, 0.00000, 0.01409, 7096729
0.00, 2500, 24, 48, 100000, 0, 0.00000, 0.00561, 0.00040, 0.00026, 0.00257, 0.00168, 0.00279, 0.00000, 0.01331, 7514594
0.00, 2500, 24, 49, 100000, 0, 0.00000, 0.00536, 0.00034, 0.00023, 0.00263, 0.00234, 0.00289, 0.00000, 0.01379, 7250894
0.00, 2500, 24, 50, 100000, 0, 0.00000, 0.00548, 0.00047, 0.00030, 0.00245, 0.00154, 0.00292, 0.00000, 0.01316, 7599258
0.00, 2500, 24, 51, 100000, 0, 0.00000, 0.00607, 0.00053, 0.00044, 0.00230, 0.00242, 0.00289, 0.00000, 0.01464, 6830798
0.00, 2500, 24, 52, 100000, 0, 0.00000, 0.00548, 0.00051, 0.00042, 0.00238, 0.00157, 0.00271, 0.00000, 0.01306, 7654514
0.00, 2500, 24, 53, 100000, 0, 0.00000, 0.00533, 0.00032, 0.00032, 0.00204, 0.00153, 0.00288, 0.00000, 0.01241, 8054976
0.00, 2500, 24, 54, 100000, 0, 0.00000, 0.00569, 0.00053, 0.00035, 0.00269, 0.00159, 0.00295, 0.00000, 0.01380, 7244934
0.00, 2500, 24, 55, 100000, 0, 0.00000, 0.00618, 0.00051, 0.00035, 0.00304, 0.00153, 0.00321, 0.00000, 0.01482, 6747384
0.00, 2500, 24, 56, 100000, 0, 0.00000, 0.00620, 0.00051, 0.00032, 0.00256, 0.00242, 0.00292, 0.00000, 0.01494, 6694919
0.00, 2500, 24, 57, 100000, 0, 0.00000, 0.00586, 0.00050, 0.00034, 0.00267, 0.00169, 0.00286, 0.00000, 0.01392, 7181652
0.00, 2500, 24, 58, 100000, 0, 0.00000, 0.00580, 0.00045, 0.00039, 0.00254, 0.00165, 0.00305, 0.00000, 0.01388, 7206389
0.00, 2500, 24, 59, 100000, 0, 0.00000, 0.00616, 0.00040, 0.00032, 0.00277, 0.00160, 0.00253, 0.00000, 0.01377, 7261444
0.00, 2500, 24, 60, 100000, 0, 0.00000, 0.00551, 0.00043, 0.00029, 0.00251, 0.00242, 0.00286, 0.00000, 0.01402, 7130400
0.00, 2500, 24, 61, 100000, 0, 0.00000, 0.00567, 0.00052, 0.00042, 0.00272, 0.00159, 0.00280, 0.00000, 0.01371, 7296388
0.00, 2500, 24, 62, 100000, 0, 0.00000, 0.00612, 0.00051, 0.00042, 0.00278, 0.00165, 0.00322, 0.00000, 0.01470, 6800629
0.00, 2500, 24, 63, 100000, 0, 0.00000, 0.00564, 0.00051, 0.00035, 0.00245, 0.00156, 0.00297, 0.00000, 0.01348, 7416776
0.00, 2500, 24, 64, 100000, 0, 0.00000, 0.00540, 0.00052, 0.00035, 0.00267, 0.00156, 0.00281, 0.00000, 0.01330, 7518150
0.00, 2500, 24, 65, 100000, 0, 0.00000, 0.00556, 0.00053, 0.00035, 0.00277, 0.00158, 0.00289, 0.00000, 0.01367, 7313210
0.00, 2500, 24, 66, 100000, 0, 0.00000, 0.00595, 0.00052, 0.00034, 0.00235, 0.00244, 0.00308, 0.00000, 0.01468, 6812371
0.00, 2500, 24, 67, 100000, 0, 0.00000, 0.00616, 0.00052, 0.00036, 0.00252, 0.00159, 0.00277, 0.00000, 0.01391, 7189000
0.00, 2500, 24, 68, 100000, 0, 0.00000, 0.00600, 0.00047, 0.00043, 0.00242, 0.00158, 0.00268, 0.00000, 0.01358, 7364076
0.00, 2500, 24, 69, 100000, 0, 0.00000, 0.00596, 0.00047, 0.00031, 0.00230, 0.00225, 0.00296, 0.00000, 0.01425, 7019400
0.00, 2500, 24, 70, 100000, 0, 0.00000, 0.00630, 0.00051, 0.00042, 0.00237, 0.00235, 0.00275, 0.00000, 0.01470, 6802165
0.00, 2500, 24, 71, 100000, 0, 0.00000, 0.00619, 0.00052, 0.00035, 0.00256, 0.00157, 0.00284, 0.00000, 0.01402, 7134712
0.00, 2500, 24, 72, 100000, 0, 0.00000, 0.00587, 0.00052, 0.00039, 0.00272, 0.00165, 0.00311, 0.00000, 0.01426, 7014526
0.00, 2500, 24, 73, 100000, 0, 0.00000, 0.00589, 0.00051, 0.00032, 0.00250, 0.00169, 0.00284, 0.00000, 0.01375, 7274143
0.00, 2500, 24, 74, 100000, 0, 0.00000, 0.00560, 0.00043, 0.00027, 0.00262, 0.00171, 0.00287, 0.00000, 0.01350, 7409713
0.00, 2500, 24, 75, 100000, 0, 0.00000, 0.00542, 0.00039, 0.00030, 0.00243, 0.00429, 0.00250, 0.00000, 0.01533, 6523782
0.00, 2500, 24, 76, 100000, 0, 0.00000, 0.00552, 0.00043, 0.00039, 0.00244, 0.00165, 0.00292, 0.00000, 0.01336, 7485108
0.00, 2500, 24, 77, 100000, 0, 0.00000, 0.00627, 0.00050, 0.00034, 0.00268, 0.00163, 0.00309, 0.00000, 0.01451, 6893198
0.00, 2500, 24, 78, 100000, 0, 0.00000, 0.00578, 0.00051, 0.00045, 0.00273, 0.00248, 0.00283, 0.00000, 0.01479, 6763226
0.00, 2500, 24, 79, 100000, 0, 0.00000, 0.00583, 0.00043, 0.00030, 0.00274, 0.00157, 0.00246, 0.00000, 0.01333, 7500664
0.00, 2500, 24, 80, 100000, 0, 0.00000, 0.00570, 0.00039, 0.00039, 0.00240, 0.00158, 0.00256, 0.00000, 0.01302, 7680512
0.00, 2500, 24, 81, 100000, 0, 0.00000, 0.00513, 0.00034, 0.00022, 0.00235, 0.00157, 0.00263, 0.00000, 0.01223, 8174104
0.00, 2500, 24, 82, 100000, 0, 0.00000, 0.00505, 0.00034, 0.00027, 0.00204, 0.00155, 0.00259, 0.00000, 0.01184, 8446892
0.00, 2500, 24, 83, 100000, 0, 0.00000, 0.00495, 0.00032, 0.00022, 0.00212, 0.00234, 0.00247, 0.00000, 0.01241, 8055572
0.00, 2500, 24, 84, 100000, 0, 0.00000, 0.00499, 0.00030, 0.00030, 0.00229, 0.00167, 0.00235, 0.00000, 0.01189, 8408692
0.00, 2500, 24, 85, 100000, 0, 0.00000, 0.00589, 0.00052, 0.00034, 0.00227, 0.00150, 0.00255, 0.00000, 0.01307, 7650987
0.00, 2500, 24, 86, 100000, 0, 0.00000, 0.00609, 0.00051, 0.00051, 0.00223, 0.00158, 0.00289, 0.00000, 0.01380, 7247324
0.00, 2500, 24, 87, 100000, 0, 0.00000, 0.00560, 0.00040, 0.00026, 0.00218, 0.00240, 0.00234, 0.00000, 0.01319, 7584368
0.00, 2500, 24, 88, 100000, 0, 0.00000, 0.00555, 0.00037, 0.00025, 0.00243, 0.00163, 0.00270, 0.00000, 0.01293, 7736757
0.00, 2500, 24, 89, 100000, 0, 0.00000, 0.00568, 0.00051, 0.00042, 0.00262, 0.00156, 0.00279, 0.00000, 0.01359, 7355968
0.00, 2500, 24, 90, 100000, 0, 0.00000, 0.00570, 0.00051, 0.00042, 0.00300, 0.00159, 0.00267, 0.00000, 0.01389, 7200972
0.00, 2500, 24, 91, 100000, 0, 0.00000, 0.00539, 0.00043, 0.00033, 0.00254, 0.00265, 0.00268, 0.00000, 0.01402, 7132835
0.00, 2500, 24, 92, 100000, 0, 0.00000, 0.00553, 0.00040, 0.00037, 0.00266, 0.00163, 0.00301, 0.00000, 0.01360, 7355032
0.00, 2500, 24, 93, 100000, 0, 0.00000, 0.00616, 0.00051, 0.00042, 0.00287, 0.00162, 0.00269, 0.00000, 0.01426, 7010478
0.00, 2500, 24, 94, 100000, 0, 0.00000, 0.00610, 0.00042, 0.00036, 0.00244, 0.00244, 0.00300, 0.00000, 0.01477, 6770804
0.00, 2500, 24, 95, 100000, 0, 0.00000, 0.00624, 0.00051, 0.00051, 0.00256, 0.00244, 0.00303, 0.00000, 0.01529, 6539984
0.00, 2500, 24, 96, 100000, 0, 0.00000, 0.00623, 0.00051, 0.00034, 0.00258, 0.00160, 0.00285, 0.00000, 0.01413, 7079616
0.00, 2500, 24, 97, 100000, 0, 0.00000, 0.00618, 0.00052, 0.00035, 0.00271, 0.00165, 0.00276, 0.00000, 0.01416, 7059718
0.00, 2500, 24, 98, 100000, 0, 0.00000, 0.00618, 0.00053, 0.00043, 0.00263, 0.00159, 0.00272, 0.00000, 0.01408, 7100092
0.00, 2500, 24, 99, 100000, 0, 0.00000, 0.00616, 0.00052, 0.00034, 0.00251, 0.00156, 0.00296, 0.00000, 0.01406, 7114903
0.00, 2500, 24, 100, 100000, 0, 0.00000, 0.00594, 0.00051, 0.00036, 0.00263, 0.00155, 0.00265, 0.00000, 0.01364, 7331045
0.00, 2500, 24, total, 10000000,, 0.00000, 0.85289, 0.04663, 0.03434, 0.25242, 0.18318, 0.51332, 0.00001, 1.88280, 5311251.50000
