zipfian_const, NR_DPUS, NR_TASKLETS, batch_num, num_keys, max_query_num, preprocess_time1, preprocess_time2, migration_plan_time, migration_time, send_time, execution_time, receive_result_time, merge_time, batch_time, throughput
0.00, 2500, 24, 1, 100000, 0, 0.00000, 0.31330, 0.00078, 0.00091, 0.00217, 0.00157, 0.23424, 0.00000, 0.55297, 180841
0.00, 2500, 24, 2, 100000, 0, 0.00000, 0.01672, 0.00052, 0.00052, 0.00374, 0.00253, 0.00431, 0.00000, 0.02834, 3527988
0.00, 2500, 24, 3, 100000, 0, 0.00000, 0.01732, 0.00080, 0.00097, 0.00231, 0.00166, 0.00454, 0.00000, 0.02760, 3623545
0.00, 2500, 24, 4, 100000, 0, 0.00000, 0.01723, 0.00090, 0.00110, 0.00234, 0.00165, 0.00434, 0.00000, 0.02756, 3628724
0.00, 2500, 24, 5, 100000, 0, 0.00000, 0.01652, 0.00100, 0.00082, 0.00230, 0.00266, 0.00510, 0.00000, 0.02840, 3520983
0.00, 2500, 24, 6, 100000, 0, 0.00000, 0.01727, 0.00076, 0.00091, 0.00233, 0.00163, 0.00562, 0.00000, 0.02852, 3506722
0.00, 2500, 24, 7, 100000, 0, 0.00000, 0.01813, 0.00102, 0.00122, 0.00247, 0.00157, 0.00393, 0.00000, 0.02834, 3528930
0.00, 2500, 24, 8, 100000, 0, 0.00000, 0.01696, 0.00060, 0.00055, 0.00263, 0.00255, 0.00426, 0.00000, 0.02755, 3629438
0.00, 2500, 24, 9, 100000, 0, 0.00000, 0.01660, 0.00084, 0.00092, 0.00227, 0.00167, 0.00439, 0.00000, 0.02670, 3745272
0.00, 2500, 24, 10, 100000, 0, 0.00000, 0.01713, 0.00076, 0.00091, 0.00233, 0.00246, 0.00456, 0.00000, 0.02814, 3553715
0.00, 2500, 24, 11, 100000, 0, 0.00000, 0.01709, 0.00084, 0.00096, 0.00236, 0.00258, 0.00454, 0.00000, 0.02837, 3525370
0.00, 2500, 24, 12, 100000, 0, 0.00000, 0.01701, 0.00115, 0.00123, 0.00227, 0.00247, 0.00450, 0.00000, 0.02865, 3490983
0.00, 2500, 24, 13, 100000, 0, 0.00000, 0.01719, 0.00078, 0.00091, 0.00237, 0.00162, 0.00463, 0.00000, 0.02749, 3637600
0.00, 2500, 24, 14, 100000, 0, 0.00000, 0.01634, 0.00045, 0.00053, 0.00215, 0.00160, 0.00418, 0.00000, 0.02526, 3958484
0.00, 2500, 24, 15, 100000, 0, 0.00000, 0.01636, 0.00052, 0.00054, 0.00250, 0.00250, 0.00454, 0.00000, 0.02696, 3709541
0.00, 2500, 24, 16, 100000, 0, 0.00000, 0.01714, 0.00083, 0.00094, 0.00256, 0.00165, 0.00495, 0.00000, 0.02806, 3563677
0.00, 2500, 24, 17, 100000, 0, 0.00000, 0.01852, 0.00055, 0.00052, 0.00237, 0.00170, 0.00453, 0.00000, 0.02818, 3548106
0.00, 2500, 24, 18, 100000, 0, 0.00000, 0.01736, 0.00087, 0.00100, 0.00278, 0.00164, 0.00423, 0.00000, 0.02788, 3587399
0.00, 2500, 24, 19, 100000, 0, 0.00000, 0.01753, 0.00098, 0.00119, 0.00241, 0.00161, 0.00403, 0.00000, 0.02775, 3603930
0.00, 2500, 24, 20, 100000, 0, 0.00000, 0.01836, 0.00053, 0.00051, 0.00252, 0.00248, 0.00587, 0.00000, 0.03027, 3303889
0.00, 2500, 24, 21, 100000, 0, 0.00000, 0.01774, 0.00076, 0.00094, 0.00274, 0.00168, 0.00393, 0.00000, 0.02779, 3598264
0.00, 2500, 24, 22, 100000, 0, 0.00000, 0.01782, 0.00082, 0.00097, 0.00209, 0.00161, 0.00410, 0.00000, 0.02740, 3649602
0.00, 2500, 24, 23, 100000, 0, 0.00000, 0.01594, 0.00073, 0.00072, 0.00263, 0.00166, 0.00481, 0.00000, 0.02650, 3774114
0.00, 2500, 24, 24, 100000, 0, 0.00000, 0.01699, 0.00092, 0.00110, 0.00226, 0.00156, 0.00453, 0.00000, 0.02735, 3656345
0.00, 2500, 24, 25, 100000, 0, 0.00000, 0.01702, 0.00102, 0.00077, 0.00217, 0.00252, 0.00490, 0.00000, 0.02839, 3522601
0.00, 2500, 24, 26, 100000, 0, 0.00000, 0.01715, 0.00074, 0.00091, 0.00224, 0.00161, 0.00453, 0.00000, 0.02719, 3678326
0.00, 2500, 24, 27, 100000, 0, 0.00000, 0.01697, 0.00076, 0.00091, 0.00242, 0.00249, 0.00476, 0.00000, 0.02831, 3531725
0.00, 2500, 24, 28, 100000, 0, 0.00000, 0.01726, 0.00088, 0.00103, 0.00255, 0.00165, 0.00403, 0.00000, 0.02740, 3649318
0.00, 2500, 24, 29, 100000, 0, 0.00000, 0.01711, 0.00094, 0.00097, 0.00240, 0.00251, 0.00442, 0.00000, 0.02835, 3526975
0.00, 2500, 24, 30, 100000, 0, 0.00000, 0.01561, 0.00056, 0.00057, 0.00248, 0.00167, 0.00487, 0.00000, 0.02576, 3881369
0.00, 2500, 24, 31, 100000, 0, 0.00000, 0.01738, 0.00073, 0.00091, 0.00209, 0.00430, 0.00430, 0.00000, 0.02970, 3367008
0.00, 2500, 24, 32, 100000, 0, 0.00000, 0.01654, 0.00055, 0.00063, 0.00260, 0.00252, 0.00437, 0.00000, 0.02722, 3673356
0.00, 2500, 24, 33, 100000, 0, 0.00000, 0.01700, 0.00101, 0.00120, 0.00235, 0.00248, 0.00451, 0.00000, 0.02855, 3502971
0.00, 2500, 24, 34, 100000, 0, 0.00000, 0.01709, 0.00100, 0.00086, 0.00328, 0.00186, 0.00480, 0.00000, 0.02888, 3462765
0.00, 2500, 24, 35, 100000, 0, 0.00000, 0.01412, 0.00093, 0.00111, 0.00277, 0.00160, 0.00449, 0.00000, 0.02503, 3995684
0.00, 2500, 24, 36, 100000, 0, 0.00000, 0.01732, 0.00078, 0.00091, 0.00216, 0.00158, 0.00431, 0.00000, 0.02707, 3693895
0.00, 2500, 24, 37, 100000, 0, 0.00000, 0.01678, 0.00066, 0.00065, 0.00263, 0.00165, 0.00439, 0.00000, 0.02677, 3735076
0.00, 2500, 24, 38, 100000, 0, 0.00000, 0.01721, 0.00081, 0.00098, 0.00209, 0.00247, 0.00453, 0.00000, 0.02810, 3558820
0.00, 2500, 24, 39, 100000, 0, 0.00000, 0.01644, 0.00075, 0.00083, 0.00223, 0.00168, 0.00466, 0.00000, 0.02659, 3761128
0.00, 2500, 24, 40, 100000, 0, 0.00000, 0.01692, 0.00083, 0.00076, 0.00263, 0.00170, 0.00488, 0.00000, 0.02771, 3608365
0.00, 2500, 24, 41, 100000, 0, 0.00000, 0.01706, 0.00073, 0.00090, 0.00284, 0.00176, 0.00454, 0.00000, 0.02783, 3592786
0.00, 2500, 24, 42, 100000, 0, 0.00000, 0.01621, 0.00051, 0.00052, 0.00267, 0.00252, 0.00419, 0.00000, 0.02662, 3756669
0.00, 2500, 24, 43, 100000, 0, 0.00000, 0.01714, 0.00077, 0.00093, 0.00237, 0.00159, 0.00541, 0.00000, 0.02820, 3545825
0.00, 2500, 24, 44, 100000, 0, 0.00000, 0.01633, 0.00045, 0.00053, 0.00289, 0.00160, 0.00459, 0.00000, 0.02639, 3788826
0.00, 2500, 24, 45, 100000, 0, 0.00000, 0.01631, 0.00043, 0.00055, 0.00216, 0.00157, 0.00509, 0.00000, 0.02611, 3830360
0.00, 2500, 24, 46, 100000, 0, 0.00000, 0.01699, 0.00076, 0.00090, 0.00255, 0.00169, 0.00465, 0.00000, 0.02754, 3631159
0.00, 2500, 24, 47, 100000, 0, 0.00000, 0.01681, 0.00084, 0.00097, 0.00218, 0.00216, 0.00433, 0.00000, 0.02730, 3663586
0.00, 2500, 24, 48, 100000, 0, 0.00000, 0.01617, 0.00052, 0.00056, 0.00237, 0.00156, 0.00393, 0.00000, 0.02511, 3983006
0.00, 2500, 24, 49, 100000, 0, 0.00000, 0.01730, 0.00078, 0.00097, 0.00218, 0.00157, 0.00459, 0.00000, 0.02740, 3649896
0.00, 2500, 24, 50, 100000, 0, 0.00000, 0.01704, 0.00090, 0.00109, 0.00285, 0.00173, 0.00453, 0.00000, 0.02814, 3553284
0.00, 2500, 24, 51, 100000, 0, 0.00000, 0.01657, 0.00086, 0.00091, 0.00209, 0.00253, 0.00471, 0.00000, 0.02766, 3614804
0.00, 2500, 24, 52, 100000, 0, 0.00000, 0.01706, 0.00078, 0.00091, 0.00215, 0.00246, 0.00397, 0.00000, 0.02733, 3658348
0.00, 2500, 24, 53, 100000, 0, 0.00000, 0.01660, 0.00095, 0.00097, 0.00288, 0.00286, 0.00503, 0.00000, 0.02928, 3415139
0.00, 2500, 24, 54, 100000, 0, 0.00000, 0.01713, 0.00100, 0.00117, 0.00251, 0.00158, 0.00384, 0.00000, 0.02722, 3674224
0.00, 2500, 24, 55, 100000, 0, 0.00000, 0.01634, 0.00040, 0.00052, 0.00227, 0.00251, 0.00473, 0.00000, 0.02676, 3736936
0.00, 2500, 24, 56, 100000, 0, 0.00000, 0.01689, 0.00069, 0.00086, 0.00260, 0.00168, 0.00467, 0.00000, 0.02738, 3652507
0.00, 2500, 24, 57, 100000, 0, 0.00000, 0.01689, 0.00077, 0.00090, 0.00227, 0.00172, 0.00489, 0.00000, 0.02745, 3643526
0.00, 2500, 24, 58, 100000, 0, 0.00000, 0.01625, 0.00049, 0.00055, 0.00225, 0.00249, 0.00394, 0.00000, 0.02597, 3850383
0.00, 2500, 24, 59, 100000, 0, 0.00000, 0.01629, 0.00054, 0.00061, 0.00217, 0.00159, 0.00436, 0.00000, 0.02556, 3912481
0.00, 2500, 24, 60, 100000, 0, 0.00000, 0.01716, 0.00077, 0.00092, 0.00251, 0.00316, 0.00442, 0.00000, 0.02893, 3456664
0.00, 2500, 24, 61, 100000, 0, 0.00000, 0.01634, 0.00042, 0.00052, 0.00254, 0.00163, 0.00478, 0.00000, 0.02624, 3811566
0.00, 2500, 24, 62, 100000, 0, 0.00000, 0.01693, 0.00084, 0.00095, 0.00247, 0.00178, 0.00467, 0.00000, 0.02764, 3617711
0.00, 2500, 24, 63, 100000, 0, 0.00000, 0.01644, 0.00105, 0.00121, 0.00219, 0.00153, 0.00430, 0.00000, 0.02671, 3744255
0.00, 2500, 24, 64, 100000, 0, 0.00000, 0.01705, 0.00097, 0.00084, 0.00230, 0.00160, 0.00458, 0.00000, 0.02734, 3657416
0.00, 2500, 24, 65, 100000, 0, 0.00000, 0.01671, 0.00065, 0.00080, 0.00238, 0.00161, 0.00388, 0.00000, 0.02603, 3842278
0.00, 2500, 24, 66, 100000, 0, 0.00000, 0.01622, 0.00058, 0.00055, 0.00327, 0.00159, 0.00436, 0.00000, 0.02657, 3763756
0.00, 2500, 24, 67, 100000, 0, 0.00000, 0.01753, 0.00077, 0.00091, 0.00271, 0.00165, 0.00485, 0.00000, 0.02842, 3518084
0.00, 2500, 24, 68, 100000, 0, 0.00000, 0.01704, 0.00083, 0.00091, 0.00247, 0.00708, 0.00493, 0.00000, 0.03325, 3007422
0.00, 2500, 24, 69, 100000, 0, 0.00000, 0.01639, 0.00083, 0.00093, 0.00221, 0.00158, 0.00454, 0.00000, 0.02647, 3778256
0.00, 2500, 24, 70, 100000, 0, 0.00000, 0.01715, 0.00081, 0.00094, 0.00266, 0.00163, 0.00486, 0.00000, 0.02805, 3565189
0.00, 2500, 24, 71, 100000, 0, 0.00000, 0.01695, 0.00088, 0.00096, 0.00228, 0.00342, 0.00478, 0.00000, 0.02927, 3416387
0.00, 2500, 24, 72, 100000, 0, 0.00000, 0.01675, 0.00099, 0.00101, 0.00316, 0.00168, 0.00522, 0.00000, 0.02881, 3471394
0.00, 2500, 24, 73, 100000, 0, 0.00000, 0.01706, 0.00077, 0.00091, 0.00221, 0.00169, 0.00398, 0.00000, 0.02661, 3757542
0.00, 2500, 24, 74, 100000, 0, 0.00000, 0.01631, 0.00058, 0.00053, 0.00267, 0.00458, 0.00463, 0.00000, 0.02929, 3414073
0.00, 2500, 24, 75, 100000, 0, 0.00000, 0.01702, 0.00078, 0.00096, 0.00225, 0.00162, 0.00399, 0.00000, 0.02662, 3756020
0.00, 2500, 24, 76, 100000, 0, 0.00000, 0.01734, 0.00102, 0.00119, 0.00275, 0.00162, 0.00485, 0.00000, 0.02878, 3474640
0.00, 2500, 24, 77, 100000, 0, 0.00000, 0.01676, 0.00079, 0.00074, 0.00211, 0.00159, 0.00477, 0.00000, 0.02676, 3737330
0.00, 2500, 24, 78, 100000, 0, 0.00000, 0.01709, 0.00075, 0.00091, 0.00222, 0.00162, 0.00458, 0.00000, 0.02718, 3678918
0.00, 2500, 24, 79, 100000, 0, 0.00000, 0.01702, 0.00076, 0.00091, 0.00236, 0.00251, 0.00441, 0.00000, 0.02797, 3575692
0.00, 2500, 24, 80, 100000, 0, 0.00000, 0.01705, 0.00084, 0.00099, 0.00221, 0.00246, 0.00463, 0.00000, 0.02818, 3548945
0.00, 2500, 24, 81, 100000, 0, 0.00000, 0.01688, 0.00092, 0.00112, 0.00219, 0.00156, 0.00401, 0.00000, 0.02669, 3746338
0.00, 2500, 24, 82, 100000, 0, 0.00000, 0.01624, 0.00050, 0.00052, 0.00243, 0.00158, 0.00445, 0.00000, 0.02571, 3888964
0.00, 2500, 24, 83, 100000, 0, 0.00000, 0.01627, 0.00047, 0.00057, 0.00212, 0.00162, 0.00488, 0.00000, 0.02593, 3857027
0.00, 2500, 24, 84, 100000, 0, 0.00000, 0.01622, 0.00086, 0.00097, 0.00240, 0.00247, 0.00507, 0.00000, 0.02799, 3572098
0.00, 2500, 24, 85, 100000, 0, 0.00000, 0.01710, 0.00099, 0.00120, 0.00222, 0.00425, 0.00475, 0.00000, 0.03052, 3276822
0.00, 2500, 24, 86, 100000, 0, 0.00000, 0.01706, 0.00082, 0.00091, 0.00210, 0.00160, 0.00463, 0.00000, 0.02712, 3687470
0.00, 2500, 24, 87, 100000, 0, 0.00000, 0.01688, 0.00076, 0.00090, 0.00212, 0.00159, 0.00375, 0.00000, 0.02599, 3847190
0.00, 2500, 24, 88, 100000, 0, 0.00000, 0.01608, 0.00057, 0.00055, 0.00217, 0.00160, 0.00578, 0.00000, 0.02675, 3738282
0.00, 2500, 24, 89, 100000, 0, 0.00000, 0.01693, 0.00078, 0.00090, 0.00210, 0.00158, 0.00449, 0.00000, 0.02679, 3733109
0.00, 2500, 24, 90, 100000, 0, 0.00000, 0.01631, 0.00082, 0.00091, 0.00273, 0.00161, 0.00464, 0.00000, 0.02703, 3699386
0.00, 2500, 24, 91, 100000, 0, 0.00000, 0.01702, 0.00088, 0.00097, 0.00211, 0.00157, 0.00467, 0.00000, 0.02721, 3675379
0.00, 2500, 24, 92, 100000, 0, 0.00000, 0.01711, 0.00096, 0.00110, 0.00214, 0.00220, 0.00409, 0.00000, 0.02761, 3622394
0.00, 2500, 24, 93, 100000, 0, 0.00000, 0.01684, 0.00090, 0.00082, 0.00201, 0.00243, 0.00469, 0.00000, 0.02769, 3611257
0.00, 2500, 24, 94, 100000, 0, 0.00000, 0.01699, 0.00075, 0.00091, 0.00298, 0.00171, 0.00461, 0.00000, 0.02795, 3577358
0.00, 2500, 24, 95, 100000, 0, 0.00000, 0.01640, 0.00077, 0.00090, 0.00232, 0.00169, 0.00440, 0.00000, 0.02649, 3774492
0.00, 2500, 24, 96, 100000, 0, 0.00000, 0.01658, 0.00092, 0.00096, 0.00238, 0.00256, 0.00422, 0.00000, 0.02762, 3620555
0.00, 2500, 24, 97, 100000, 0, 0.00000, 0.01637, 0.00045, 0.00052, 0.00265, 0.00174, 0.00443, 0.00000, 0.02617, 3821878
0.00, 2500, 24, 98, 100000, 0, 0.00000, 0.01544, 0.00062, 0.00056, 0.00244, 0.00167, 0.00408, 0.00000, 0.02482, 4029816
0.00, 2500, 24, 99, 100000, 0, 0.00000, 0.01706, 0.00078, 0.00091, 0.00246, 0.00159, 0.00490, 0.00000, 0.02770, 3609844
0.00, 2500, 24, 100, 100000, 0, 0.00000, 0.01708, 0.00081, 0.00097, 0.00255, 0.00158, 0.00474, 0.00000, 0.02771, 3608349
0.00, 2500, 24, total, 10000000,, 0.00000, 1.98106, 0.07684, 0.08595, 0.24277, 0.20359, 0.68468, 0.00001, 3.27490, 3053528.75000
